0.496975 , 0.304985 , 0.99095 , 0.909955
0.4939 , 0.309939 , 0.981801 , 0.919819
0.490776 , 0.314863 , 0.972554 , 0.929591
0.487603 , 0.319755 , 0.96321 , 0.939269
0.484381 , 0.324615 , 0.953769 , 0.948854
0.481111 , 0.329442 , 0.944233 , 0.958344
0.477793 , 0.334237 , 0.934602 , 0.967739
0.474426 , 0.338998 , 0.924878 , 0.977036
0.471013 , 0.343725 , 0.915062 , 0.986236
0.467552 , 0.348418 , 0.905154 , 0.995337
0.464045 , 0.353076 , 0.895156 , 1.00434
0.460491 , 0.357699 , 0.885068 , 1.01324
0.456891 , 0.362286 , 0.874891 , 1.02204
0.453245 , 0.366836 , 0.864627 , 1.03074
0.449554 , 0.37135 , 0.854277 , 1.03933
0.445818 , 0.375827 , 0.843841 , 1.04782
0.442038 , 0.380267 , 0.833321 , 1.05621
0.438213 , 0.384668 , 0.822717 , 1.06449
0.434344 , 0.389031 , 0.812031 , 1.07266
0.430432 , 0.393355 , 0.801264 , 1.08073
0.426477 , 0.397639 , 0.790417 , 1.08869
0.42248 , 0.401884 , 0.779491 , 1.09654
0.41844 , 0.406089 , 0.768487 , 1.10428
0.414358 , 0.410253 , 0.757406 , 1.11191
0.410235 , 0.414376 , 0.746249 , 1.11943
0.406071 , 0.418457 , 0.735017 , 1.12683
0.401866 , 0.422497 , 0.723713 , 1.13413
0.397621 , 0.426494 , 0.712335 , 1.14131
0.393336 , 0.430449 , 0.700887 , 1.14837
0.389012 , 0.434361 , 0.689368 , 1.15532
0.384649 , 0.438229 , 0.677781 , 1.16216
0.380248 , 0.442054 , 0.666126 , 1.16888
0.375808 , 0.445834 , 0.654404 , 1.17548
0.371331 , 0.44957 , 0.642616 , 1.18197
0.366817 , 0.453261 , 0.630765 , 1.18833
0.362266 , 0.456906 , 0.61885 , 1.19458
0.357679 , 0.460506 , 0.606873 , 1.20071
0.353056 , 0.46406 , 0.594836 , 1.20672
0.348398 , 0.467567 , 0.582739 , 1.21261
0.343705 , 0.471027 , 0.570584 , 1.21837
0.338978 , 0.474441 , 0.558372 , 1.22402
0.334216 , 0.477807 , 0.546105 , 1.22954
0.329422 , 0.481125 , 0.533782 , 1.23494
0.324594 , 0.484395 , 0.521406 , 1.24022
0.319734 , 0.487617 , 0.508978 , 1.24537
0.314842 , 0.49079 , 0.496499 , 1.2504
0.309918 , 0.493914 , 0.483971 , 1.2553
0.304964 , 0.496988 , 0.471394 , 1.26007
0.299979 , 0.500013 , 0.45877 , 1.26473
0.294964 , 0.502988 , 0.4461 , 1.26925
0.289919 , 0.505912 , 0.433385 , 1.27365
0.284846 , 0.508786 , 0.420627 , 1.27792
0.279744 , 0.511609 , 0.407827 , 1.28206
0.274614 , 0.514381 , 0.394986 , 1.28607
0.269456 , 0.517101 , 0.382106 , 1.28996
0.264272 , 0.51977 , 0.369188 , 1.29372
0.259061 , 0.522386 , 0.356232 , 1.29734
0.253824 , 0.524951 , 0.343241 , 1.30084
0.248562 , 0.527463 , 0.330216 , 1.30421
0.243275 , 0.529922 , 0.317157 , 1.30744
0.237964 , 0.532328 , 0.304067 , 1.31055
0.232629 , 0.534681 , 0.290947 , 1.31353
0.22727 , 0.536981 , 0.277797 , 1.31637
0.221889 , 0.539226 , 0.26462 , 1.31908
0.216486 , 0.541418 , 0.251416 , 1.32166
0.211061 , 0.543556 , 0.238187 , 1.32411
0.205615 , 0.545639 , 0.224934 , 1.32643
0.200148 , 0.547668 , 0.211659 , 1.32861
0.194662 , 0.549642 , 0.198363 , 1.33066
0.189156 , 0.551561 , 0.185046 , 1.33258
0.183631 , 0.553425 , 0.171711 , 1.33436
0.178087 , 0.555234 , 0.15836 , 1.33601
0.172526 , 0.556987 , 0.144992 , 1.33753
0.166948 , 0.558685 , 0.131609 , 1.33891
0.161353 , 0.560326 , 0.118214 , 1.34016
0.155742 , 0.561912 , 0.104807 , 1.34127
0.150115 , 0.563441 , 0.091389 , 1.34225
0.144473 , 0.564914 , 0.0779621 , 1.3431
0.138817 , 0.56633 , 0.0645274 , 1.34381
0.133147 , 0.56769 , 0.0510862 , 1.34439
0.127463 , 0.568993 , 0.03764 , 1.34484
0.121767 , 0.570239 , 0.02419 , 1.34514
0.116058 , 0.571428 , 0.0107375 , 1.34532
0.110338 , 0.57256 , -0.00271598 , 1.34536
0.104607 , 0.573635 , -0.0161692 , 1.34527
0.098866 , 0.574653 , -0.0296208 , 1.34504
0.0931146 , 0.575612 , -0.0430695 , 1.34467
0.0873539 , 0.576515 , -0.0565138 , 1.34417
0.0815845 , 0.577359 , -0.0699525 , 1.34354
0.0758069 , 0.578146 , -0.0833843 , 1.34278
0.0700218 , 0.578876 , -0.0968076 , 1.34187
0.0642296 , 0.579547 , -0.110221 , 1.34084
0.058431 , 0.58016 , -0.123624 , 1.33967
0.0526266 , 0.580715 , -0.137014 , 1.33837
0.0468169 , 0.581213 , -0.150391 , 1.33693
0.0410025 , 0.581652 , -0.163752 , 1.33536
0.0351841 , 0.582033 , -0.177098 , 1.33366
0.0293621 , 0.582355 , -0.190425 , 1.33182
0.0235371 , 0.58262 , -0.203734 , 1.32985
0.0177099 , 0.582826 , -0.217022 , 1.32774
0.0118808 , 0.582974 , -0.230288 , 1.32551
0.00605057 , 0.583064 , -0.243531 , 1.32314
0.000219726 , 0.583095 , -0.25675 , 1.32064
-0.00561114 , 0.583068 , -0.269944 , 1.318
-0.0114414 , 0.582983 , -0.28311 , 1.31524
-0.0172706 , 0.582839 , -0.296248 , 1.31234
-0.023098 , 0.582638 , -0.309356 , 1.30931
-0.0289232 , 0.582377 , -0.322434 , 1.30615
-0.0347454 , 0.582059 , -0.335479 , 1.30286
-0.0405641 , 0.581683 , -0.348491 , 1.29944
-0.0463788 , 0.581248 , -0.361467 , 1.29589
-0.0521889 , 0.580755 , -0.374408 , 1.29221
-0.0579938 , 0.580204 , -0.387311 , 1.28841
-0.0637928 , 0.579595 , -0.400176 , 1.28447
-0.0695855 , 0.578928 , -0.413 , 1.2804
-0.0753712 , 0.578203 , -0.425783 , 1.27621
-0.0811493 , 0.577421 , -0.438524 , 1.27189
-0.0869194 , 0.57658 , -0.451221 , 1.26744
-0.0926808 , 0.575682 , -0.463872 , 1.26286
-0.0984328 , 0.574727 , -0.476477 , 1.25816
-0.104175 , 0.573714 , -0.489035 , 1.25333
-0.109907 , 0.572643 , -0.501544 , 1.24838
-0.115628 , 0.571516 , -0.514002 , 1.2433
-0.121337 , 0.570331 , -0.526409 , 1.2381
-0.127034 , 0.569089 , -0.538764 , 1.23277
-0.132719 , 0.56779 , -0.551064 , 1.22733
-0.13839 , 0.566435 , -0.56331 , 1.22175
-0.144047 , 0.565022 , -0.575499 , 1.21606
-0.14969 , 0.563554 , -0.587631 , 1.21024
-0.155318 , 0.562029 , -0.599704 , 1.20431
-0.16093 , 0.560447 , -0.611716 , 1.19825
-0.166527 , 0.55881 , -0.623668 , 1.19207
-0.172106 , 0.557117 , -0.635557 , 1.18578
-0.177669 , 0.555368 , -0.647383 , 1.17936
-0.183214 , 0.553564 , -0.659144 , 1.17283
-0.18874 , 0.551704 , -0.670839 , 1.16618
-0.194248 , 0.549789 , -0.682468 , 1.15941
-0.199736 , 0.547819 , -0.694027 , 1.15253
-0.205204 , 0.545794 , -0.705518 , 1.14553
-0.210651 , 0.543715 , -0.716938 , 1.13842
-0.216078 , 0.541581 , -0.728286 , 1.13119
-0.221483 , 0.539394 , -0.739561 , 1.12385
-0.226866 , 0.537152 , -0.750762 , 1.1164
-0.232226 , 0.534856 , -0.761889 , 1.10884
-0.237563 , 0.532507 , -0.772939 , 1.10117
-0.242876 , 0.530105 , -0.783912 , 1.09338
-0.248164 , 0.52765 , -0.794806 , 1.08549
-0.253428 , 0.525142 , -0.805621 , 1.07749
-0.258667 , 0.522581 , -0.816356 , 1.06938
-0.26388 , 0.519969 , -0.827008 , 1.06116
-0.269066 , 0.517304 , -0.837578 , 1.05284
-0.274226 , 0.514587 , -0.848065 , 1.04441
-0.279358 , 0.511819 , -0.858466 , 1.03587
-0.284462 , 0.509 , -0.868782 , 1.02724
-0.289538 , 0.50613 , -0.879011 , 1.0185
-0.294584 , 0.50321 , -0.889151 , 1.00966
-0.299602 , 0.500239 , -0.899203 , 1.00072
-0.304589 , 0.497218 , -0.909165 , 0.991674
-0.309546 , 0.494147 , -0.919037 , 0.982533
-0.314472 , 0.491027 , -0.928816 , 0.973294
-0.319366 , 0.487858 , -0.938502 , 0.963957
-0.324229 , 0.48464 , -0.948095 , 0.954524
-0.329059 , 0.481373 , -0.957592 , 0.944996
-0.333856 , 0.478059 , -0.966994 , 0.935373
-0.33862 , 0.474696 , -0.976299 , 0.925656
-0.34335 , 0.471286 , -0.985507 , 0.915847
-0.348046 , 0.467829 , -0.994616 , 0.905946
-0.352706 , 0.464326 , -1.00363 , 0.895955
-0.357332 , 0.460775 , -1.01253 , 0.885874
-0.361922 , 0.457179 , -1.02134 , 0.875705
-0.366475 , 0.453537 , -1.03005 , 0.865448
-0.370992 , 0.44985 , -1.03865 , 0.855104
-0.375472 , 0.446117 , -1.04715 , 0.844675
-0.379914 , 0.44234 , -1.05554 , 0.834161
-0.384319 , 0.438519 , -1.06383 , 0.823564
-0.388685 , 0.434654 , -1.07202 , 0.812885
-0.393012 , 0.430746 , -1.08009 , 0.802125
-0.397299 , 0.426794 , -1.08806 , 0.791284
-0.401547 , 0.4228 , -1.09592 , 0.780364
-0.405755 , 0.418763 , -1.10366 , 0.769366
-0.409923 , 0.414685 , -1.1113 , 0.758291
-0.414049 , 0.410565 , -1.11883 , 0.74714
-0.418134 , 0.406404 , -1.12625 , 0.735915
-0.422177 , 0.402202 , -1.13355 , 0.724616
-0.426178 , 0.397961 , -1.14074 , 0.713244
-0.430136 , 0.393679 , -1.14781 , 0.701801
-0.434051 , 0.389358 , -1.15477 , 0.690288
-0.437923 , 0.384998 , -1.16162 , 0.678706
-0.441751 , 0.3806 , -1.16835 , 0.667056
-0.445535 , 0.376163 , -1.17496 , 0.655339
-0.449274 , 0.371689 , -1.18145 , 0.643557
-0.452968 , 0.367178 , -1.18783 , 0.631711
-0.456618 , 0.36263 , -1.19409 , 0.619801
-0.460221 , 0.358046 , -1.20023 , 0.607829
-0.463778 , 0.353426 , -1.20624 , 0.595797
-0.467289 , 0.34877 , -1.21214 , 0.583705
-0.470754 , 0.34408 , -1.21792 , 0.571555
-0.474171 , 0.339355 , -1.22357 , 0.559347
-0.477541 , 0.334597 , -1.22911 , 0.547083
-0.480863 , 0.329805 , -1.23451 , 0.534765
-0.484137 , 0.32498 , -1.2398 , 0.522394
-0.487362 , 0.320122 , -1.24496 , 0.50997
-0.490539 , 0.315233 , -1.25 , 0.497495
-0.493667 , 0.310311 , -1.25491 , 0.48497
-0.496745 , 0.305359 , -1.2597 , 0.472397
-0.499774 , 0.300377 , -1.26436 , 0.459777
-0.502752 , 0.295364 , -1.26889 , 0.44711
-0.505681 , 0.290322 , -1.2733 , 0.434399
-0.508559 , 0.285251 , -1.27758 , 0.421645
-0.511386 , 0.280151 , -1.28173 , 0.408848
-0.514162 , 0.275023 , -1.28576 , 0.39601
-0.516886 , 0.269868 , -1.28965 , 0.383133
-0.519559 , 0.264686 , -1.29342 , 0.370218
-0.52218 , 0.259477 , -1.29706 , 0.357265
-0.524748 , 0.254242 , -1.30057 , 0.344277
-0.527265 , 0.248982 , -1.30394 , 0.331254
-0.529728 , 0.243697 , -1.30719 , 0.318198
-0.532138 , 0.238388 , -1.31031 , 0.305111
-0.534496 , 0.233054 , -1.31329 , 0.291993
-0.536799 , 0.227698 , -1.31615 , 0.278845
-0.53905 , 0.222319 , -1.31887 , 0.26567
-0.541246 , 0.216917 , -1.32146 , 0.252468
-0.543388 , 0.211494 , -1.32392 , 0.239241
-0.545476 , 0.206049 , -1.32625 , 0.22599
-0.547509 , 0.200585 , -1.32844 , 0.212717
-0.549487 , 0.195099 , -1.3305 , 0.199422
-0.551411 , 0.189595 , -1.33243 , 0.186107
-0.553279 , 0.184071 , -1.33422 , 0.172774
-0.555092 , 0.17853 , -1.33588 , 0.159423
-0.55685 , 0.17297 , -1.33741 , 0.146057
-0.558551 , 0.167393 , -1.3388 , 0.132676
-0.560197 , 0.161799 , -1.34006 , 0.119281
-0.561787 , 0.156189 , -1.34119 , 0.105875
-0.563321 , 0.150563 , -1.34218 , 0.0924578
-0.564799 , 0.144923 , -1.34304 , 0.0790316
-0.56622 , 0.139268 , -1.34376 , 0.0655975
-0.567584 , 0.133599 , -1.34435 , 0.0521568
-0.568891 , 0.127916 , -1.34481 , 0.0387109
-0.570142 , 0.122221 , -1.34513 , 0.0252611
-0.571336 , 0.116513 , -1.34531 , 0.0118088
-0.572472 , 0.110794 , -1.34536 , -0.00164464
-0.573552 , 0.105064 , -1.34528 , -0.0150979
-0.574574 , 0.0993235 , -1.34506 , -0.0285497
-0.575538 , 0.0935729 , -1.34471 , -0.0419987
-0.576445 , 0.087813 , -1.34422 , -0.0554434
-0.577294 , 0.0820442 , -1.3436 , -0.0688826
-0.578086 , 0.0762673 , -1.34284 , -0.0823149
-0.57882 , 0.0704827 , -1.34195 , -0.095739
-0.579496 , 0.0646911 , -1.34093 , -0.109154
-0.580113 , 0.058893 , -1.33977 , -0.122557
-0.580673 , 0.053089 , -1.33848 , -0.135948
-0.581175 , 0.0472797 , -1.33705 , -0.149326
-0.581619 , 0.0414657 , -1.33549 , -0.162689
-0.582005 , 0.0356475 , -1.3338 , -0.176036
-0.582332 , 0.0298258 , -1.33197 , -0.189364
-0.582601 , 0.0240011 , -1.33001 , -0.202674
-0.582812 , 0.018174 , -1.32792 , -0.215964
-0.582964 , 0.012345 , -1.32569 , -0.229232
-0.583059 , 0.00651488 , -1.32333 , -0.242478
-0.583095 , 0.00068406 , -1.32084 , -0.255699
-0.583072 , -0.00514683 , -1.31822 , -0.268894
-0.582992 , -0.0109772 , -1.31546 , -0.282062
-0.582853 , -0.0168065 , -1.31258 , -0.295203
-0.582656 , -0.0226341 , -1.30956 , -0.308313
-0.5824 , -0.0284594 , -1.30641 , -0.321393
-0.582087 , -0.0342819 , -1.30313 , -0.334441
-0.581715 , -0.0401009 , -1.29972 , -0.347456
-0.581285 , -0.045916 , -1.29618 , -0.360435
-0.580796 , -0.0517264 , -1.29251 , -0.373379
-0.58025 , -0.0575317 , -1.28871 , -0.386285
-0.579646 , -0.0633312 , -1.28479 , -0.399153
-0.578983 , -0.0691244 , -1.28073 , -0.41198
-0.578263 , -0.0749107 , -1.27655 , -0.424767
-0.577485 , -0.0806895 , -1.27224 , -0.437511
-0.576649 , -0.0864602 , -1.2678 , -0.450211
-0.575756 , -0.0922223 , -1.26323 , -0.462866
-0.574805 , -0.0979751 , -1.25854 , -0.475475
-0.573797 , -0.103718 , -1.25372 , -0.488037
-0.572731 , -0.109451 , -1.24878 , -0.500549
-0.571608 , -0.115173 , -1.24371 , -0.513012
-0.570427 , -0.120883 , -1.23852 , -0.525423
-0.56919 , -0.126581 , -1.2332 , -0.537782
-0.567896 , -0.132266 , -1.22776 , -0.550087
-0.566545 , -0.137939 , -1.2222 , -0.562337
-0.565137 , -0.143597 , -1.21652 , -0.574531
-0.563673 , -0.149241 , -1.21071 , -0.586667
-0.562152 , -0.15487 , -1.20478 , -0.598744
-0.560575 , -0.160484 , -1.19874 , -0.610762
-0.558943 , -0.166082 , -1.19257 , -0.622719
-0.557254 , -0.171663 , -1.18628 , -0.634613
-0.555509 , -0.177227 , -1.17988 , -0.646444
-0.553709 , -0.182773 , -1.17335 , -0.65821
-0.551854 , -0.188301 , -1.16671 , -0.669911
-0.549943 , -0.19381 , -1.15996 , -0.681544
-0.547978 , -0.199299 , -1.15308 , -0.693109
-0.545958 , -0.204769 , -1.14609 , -0.704605
-0.543883 , -0.210218 , -1.13899 , -0.716031
-0.541753 , -0.215647 , -1.13177 , -0.727385
-0.53957 , -0.221053 , -1.12444 , -0.738666
-0.537332 , -0.226438 , -1.117 , -0.749873
-0.535041 , -0.2318 , -1.10945 , -0.761006
-0.532696 , -0.237138 , -1.10178 , -0.772062
-0.530298 , -0.242453 , -1.09401 , -0.783041
-0.527847 , -0.247744 , -1.08612 , -0.793942
-0.525344 , -0.25301 , -1.07813 , -0.804763
-0.522787 , -0.258251 , -1.07003 , -0.815504
-0.520179 , -0.263466 , -1.06182 , -0.826163
-0.517518 , -0.268654 , -1.0535 , -0.83674
-0.514806 , -0.273816 , -1.04508 , -0.847233
-0.512042 , -0.27895 , -1.03656 , -0.857641
-0.509227 , -0.284057 , -1.02793 , -0.867963
-0.506361 , -0.289135 , -1.0192 , -0.878199
-0.503444 , -0.294184 , -1.01037 , -0.888347
-0.500477 , -0.299203 , -1.00143 , -0.898406
-0.49746 , -0.304193 , -0.992398 , -0.908375
-0.494393 , -0.309152 , -0.983265 , -0.918254
-0.491277 , -0.314081 , -0.974033 , -0.92804
-0.488112 , -0.318978 , -0.964704 , -0.937734
-0.484898 , -0.323843 , -0.955279 , -0.947334
-0.481635 , -0.328676 , -0.945758 , -0.956839
-0.478324 , -0.333475 , -0.936143 , -0.966249
-0.474966 , -0.338242 , -0.926433 , -0.975562
-0.47156 , -0.342974 , -0.916632 , -0.984777
-0.468106 , -0.347673 , -0.906738 , -0.993894
-0.464606 , -0.352336 , -0.896754 , -1.00291
-0.46106 , -0.356965 , -0.88668 , -1.01183
-0.457467 , -0.361558 , -0.876518 , -1.02065
-0.453829 , -0.366114 , -0.866268 , -1.02936
-0.450145 , -0.370634 , -0.855931 , -1.03797
-0.446416 , -0.375117 , -0.845509 , -1.04648
-0.442643 , -0.379562 , -0.835002 , -1.05488
-0.438825 , -0.383969 , -0.824411 , -1.06318
-0.434963 , -0.388338 , -0.813739 , -1.07137
-0.431058 , -0.392669 , -0.802984 , -1.07945
-0.42711 , -0.396959 , -0.79215 , -1.08743
-0.423119 , -0.401211 , -0.781236 , -1.09529
-0.419086 , -0.405422 , -0.770244 , -1.10305
-0.415011 , -0.409592 , -0.759176 , -1.1107
-0.410894 , -0.413722 , -0.748031 , -1.11824
-0.406737 , -0.41781 , -0.736811 , -1.12566
-0.402538 , -0.421856 , -0.725518 , -1.13297
-0.3983 , -0.425861 , -0.714152 , -1.14017
-0.394021 , -0.429822 , -0.702715 , -1.14725
-0.389703 , -0.433741 , -0.691207 , -1.15422
-0.385347 , -0.437616 , -0.679631 , -1.16108
-0.380951 , -0.441448 , -0.667986 , -1.16782
-0.376518 , -0.445235 , -0.656275 , -1.17444
-0.372047 , -0.448978 , -0.644498 , -1.18094
-0.367538 , -0.452676 , -0.632656 , -1.18733
-0.362993 , -0.456329 , -0.620752 , -1.19359
-0.358412 , -0.459936 , -0.608785 , -1.19974
-0.353795 , -0.463497 , -0.596757 , -1.20577
-0.349142 , -0.467011 , -0.58467 , -1.21168
-0.344455 , -0.470479 , -0.572524 , -1.21746
-0.339733 , -0.4739 , -0.560321 , -1.22313
-0.334977 , -0.477274 , -0.548062 , -1.22867
-0.330187 , -0.4806 , -0.535748 , -1.23409
-0.325365 , -0.483878 , -0.523381 , -1.23938
-0.32051 , -0.487107 , -0.510961 , -1.24456
-0.315623 , -0.490288 , -0.49849 , -1.2496
-0.310704 , -0.493419 , -0.485969 , -1.25453
-0.305755 , -0.496502 , -0.4734 , -1.25932
-0.300775 , -0.499534 , -0.460783 , -1.26399
-0.295764 , -0.502517 , -0.44812 , -1.26854
-0.290724 , -0.50545 , -0.435413 , -1.27296
-0.285656 , -0.508332 , -0.422662 , -1.27725
-0.280558 , -0.511163 , -0.409868 , -1.28141
-0.275432 , -0.513943 , -0.397034 , -1.28544
-0.270279 , -0.516671 , -0.38416 , -1.28935
-0.265099 , -0.519348 , -0.371248 , -1.29313
-0.259893 , -0.521973 , -0.358298 , -1.29677
-0.25466 , -0.524546 , -0.345312 , -1.30029
-0.249402 , -0.527066 , -0.332292 , -1.30368
-0.244119 , -0.529534 , -0.319239 , -1.30694
-0.238811 , -0.531948 , -0.306154 , -1.31006
-0.23348 , -0.53431 , -0.293038 , -1.31306
-0.228125 , -0.536618 , -0.279893 , -1.31593
-0.222748 , -0.538872 , -0.26672 , -1.31866
-0.217348 , -0.541073 , -0.253521 , -1.32126
-0.211926 , -0.543219 , -0.240296 , -1.32373
-0.206484 , -0.545311 , -0.227047 , -1.32607
-0.20102 , -0.547349 , -0.213775 , -1.32827
-0.195537 , -0.549332 , -0.200482 , -1.33034
-0.190034 , -0.55126 , -0.187168 , -1.33228
-0.184512 , -0.553132 , -0.173836 , -1.33408
-0.178972 , -0.55495 , -0.160487 , -1.33576
-0.173413 , -0.556712 , -0.147122 , -1.33729
-0.167837 , -0.558418 , -0.133742 , -1.3387
-0.162245 , -0.560068 , -0.120348 , -1.33997
-0.156636 , -0.561663 , -0.106943 , -1.34111
-0.151012 , -0.563201 , -0.0935266 , -1.34211
-0.145372 , -0.564683 , -0.0801011 , -1.34298
-0.139718 , -0.566108 , -0.0666675 , -1.34371
-0.13405 , -0.567477 , -0.0532273 , -1.34431
-0.128369 , -0.568789 , -0.0397818 , -1.34477
-0.122675 , -0.570045 , -0.0263323 , -1.3451
-0.116968 , -0.571243 , -0.0128801 , -1.3453
-0.11125 , -0.572384 , 0.000573288 , -1.34536
-0.105521 , -0.573468 , 0.0140267 , -1.34529
-0.0997811 , -0.574494 , 0.0274786 , -1.34508
-0.0940312 , -0.575463 , 0.0409278 , -1.34474
-0.088272 , -0.576375 , 0.054373 , -1.34426
-0.0825039 , -0.577229 , 0.0678127 , -1.34365
-0.0767276 , -0.578025 , 0.0812456 , -1.34291
-0.0709436 , -0.578763 , 0.0946704 , -1.34203
-0.0651525 , -0.579444 , 0.108086 , -1.34101
-0.0593549 , -0.580066 , 0.12149 , -1.33987
-0.0535514 , -0.580631 , 0.134883 , -1.33858
-0.0477425 , -0.581137 , 0.148261 , -1.33717
-0.0419288 , -0.581586 , 0.161625 , -1.33562
-0.036111 , -0.581976 , 0.174973 , -1.33394
-0.0302895 , -0.582308 , 0.188304 , -1.33212
-0.024465 , -0.582582 , 0.201615 , -1.33017
-0.0186381 , -0.582797 , 0.214907 , -1.32809
-0.0128093 , -0.582954 , 0.228177 , -1.32587
-0.00697918 , -0.583053 , 0.241424 , -1.32352
-0.00114839 , -0.583094 , 0.254647 , -1.32104
0.00468251 , -0.583076 , 0.267844 , -1.31843
0.0105129 , -0.583 , 0.281015 , -1.31569
0.0163423 , -0.582866 , 0.294157 , -1.31281
0.0221701 , -0.582674 , 0.307271 , -1.3098
0.0279956 , -0.582423 , 0.320353 , -1.30667
0.0338183 , -0.582114 , 0.333403 , -1.3034
0.0396377 , -0.581746 , 0.34642 , -1.3
0.0454531 , -0.581321 , 0.359403 , -1.29647
0.0512639 , -0.580837 , 0.372349 , -1.29281
0.0570696 , -0.580296 , 0.385259 , -1.28902
0.0628696 , -0.579696 , 0.398129 , -1.2851
0.0686633 , -0.579038 , 0.41096 , -1.28106
0.0744502 , -0.578323 , 0.42375 , -1.27689
0.0802296 , -0.577549 , 0.436498 , -1.27258
0.086001 , -0.576718 , 0.449201 , -1.26816
0.0917638 , -0.575829 , 0.46186 , -1.2636
0.0975174 , -0.574883 , 0.474473 , -1.25892
0.103261 , -0.573879 , 0.487038 , -1.25411
0.108995 , -0.572818 , 0.499555 , -1.24918
0.114717 , -0.571699 , 0.512021 , -1.24412
0.120429 , -0.570523 , 0.524437 , -1.23894
0.126128 , -0.569291 , 0.5368 , -1.23363
0.131814 , -0.568001 , 0.549109 , -1.2282
0.137488 , -0.566654 , 0.561363 , -1.22265
0.143147 , -0.565251 , 0.573562 , -1.21697
0.148792 , -0.563791 , 0.585702 , -1.21118
0.154423 , -0.562275 , 0.597785 , -1.20526
0.160038 , -0.560703 , 0.609807 , -1.19922
0.165637 , -0.559075 , 0.621769 , -1.19306
0.171219 , -0.55739 , 0.633668 , -1.18679
0.176784 , -0.55565 , 0.645504 , -1.18039
0.182332 , -0.553855 , 0.657276 , -1.17388
0.187861 , -0.552004 , 0.668981 , -1.16725
0.193372 , -0.550098 , 0.68062 , -1.1605
0.198863 , -0.548136 , 0.692191 , -1.15363
0.204334 , -0.54612 , 0.703692 , -1.14665
0.209785 , -0.54405 , 0.715124 , -1.13956
0.215215 , -0.541925 , 0.726483 , -1.13235
0.220623 , -0.539746 , 0.73777 , -1.12503
0.22601 , -0.537512 , 0.748984 , -1.1176
0.231374 , -0.535225 , 0.760122 , -1.11005
0.236714 , -0.532885 , 0.771184 , -1.1024
0.242031 , -0.530491 , 0.782169 , -1.09463
0.247324 , -0.528044 , 0.793076 , -1.08675
0.252592 , -0.525545 , 0.803904 , -1.07877
0.257834 , -0.522993 , 0.814651 , -1.07067
0.263051 , -0.520388 , 0.825317 , -1.06247
0.268242 , -0.517732 , 0.8359 , -1.05417
0.273406 , -0.515024 , 0.8464 , -1.04576
0.278542 , -0.512264 , 0.856815 , -1.03724
0.283651 , -0.509453 , 0.867145 , -1.02862
0.288731 , -0.506591 , 0.877387 , -1.0199
0.293783 , -0.503678 , 0.887542 , -1.01107
0.298805 , -0.500715 , 0.897608 , -1.00215
0.303797 , -0.497702 , 0.907585 , -0.993121
0.308759 , -0.494639 , 0.917471 , -0.983996
0.313689 , -0.491527 , 0.927264 , -0.974772
0.318589 , -0.488366 , 0.936966 , -0.965451
0.323457 , -0.485155 , 0.946573 , -0.956033
0.328292 , -0.481897 , 0.956086 , -0.94652
0.333094 , -0.47859 , 0.965503 , -0.936912
0.337863 , -0.475235 , 0.974824 , -0.92721
0.342599 , -0.471833 , 0.984047 , -0.917416
0.3473 , -0.468383 , 0.993172 , -0.907529
0.351966 , -0.464887 , 1.0022 , -0.897552
0.356598 , -0.461344 , 1.01112 , -0.887486
0.361193 , -0.457755 , 1.01995 , -0.87733
0.365753 , -0.45412 , 1.02867 , -0.867087
0.370275 , -0.45044 , 1.03729 , -0.856757
0.374761 , -0.446715 , 1.0458 , -0.846342
0.37921 , -0.442945 , 1.05421 , -0.835842
0.38362 , -0.439131 , 1.06252 , -0.825258
0.387992 , -0.435273 , 1.07072 , -0.814591
0.392325 , -0.431371 , 1.07881 , -0.803844
0.396619 , -0.427426 , 1.0868 , -0.793016
0.400874 , -0.423439 , 1.09467 , -0.782108
0.405088 , -0.419409 , 1.10244 , -0.771123
0.409262 , -0.415337 , 1.11009 , -0.76006
0.413394 , -0.411224 , 1.11764 , -0.748921
0.417486 , -0.407069 , 1.12507 , -0.737707
0.421536 , -0.402874 , 1.13239 , -0.72642
0.425543 , -0.398639 , 1.1396 , -0.71506
0.429508 , -0.394363 , 1.14669 , -0.703628
0.43343 , -0.390049 , 1.15367 , -0.692126
0.437309 , -0.385695 , 1.16054 , -0.680555
0.441144 , -0.381303 , 1.16728 , -0.668916
0.444935 , -0.376872 , 1.17391 , -0.65721
0.448682 , -0.372404 , 1.18043 , -0.645438
0.452383 , -0.367899 , 1.18682 , -0.633602
0.456039 , -0.363357 , 1.1931 , -0.621702
0.45965 , -0.358778 , 1.19926 , -0.60974
0.463215 , -0.354164 , 1.20529 , -0.597717
0.466733 , -0.349514 , 1.21121 , -0.585635
0.470205 , -0.344829 , 1.21701 , -0.573494
0.47363 , -0.34011 , 1.22268 , -0.561295
0.477007 , -0.335357 , 1.22823 , -0.54904
0.480337 , -0.33057 , 1.23366 , -0.536731
0.483618 , -0.32575 , 1.23897 , -0.524368
0.486852 , -0.320898 , 1.24415 , -0.511952
0.490036 , -0.316013 , 1.24921 , -0.499485
0.493172 , -0.311097 , 1.25414 , -0.486968
0.496258 , -0.30615 , 1.25894 , -0.474403
0.499295 , -0.301172 , 1.26363 , -0.46179
0.502281 , -0.296164 , 1.26818 , -0.449131
0.505218 , -0.291127 , 1.27261 , -0.436426
0.508104 , -0.28606 , 1.27691 , -0.423679
0.510939 , -0.280965 , 1.28108 , -0.410889
0.513723 , -0.275842 , 1.28513 , -0.398058
0.516456 , -0.270691 , 1.28904 , -0.385187
0.519137 , -0.265513 , 1.29283 , -0.372277
0.521766 , -0.260308 , 1.29649 , -0.35933
0.524343 , -0.255078 , 1.30002 , -0.346348
0.526867 , -0.249821 , 1.30342 , -0.333331
0.529339 , -0.24454 , 1.30668 , -0.32028
0.531758 , -0.239235 , 1.30982 , -0.307197
0.534124 , -0.233905 , 1.31283 , -0.294084
0.536436 , -0.228553 , 1.3157 , -0.280941
0.538695 , -0.223177 , 1.31845 , -0.26777
0.5409 , -0.217779 , 1.32106 , -0.254573
0.54305 , -0.212359 , 1.32354 , -0.24135
0.545147 , -0.206918 , 1.32588 , -0.228102
0.547189 , -0.201456 , 1.3281 , -0.214832
0.549176 , -0.195974 , 1.33018 , -0.201541
0.551108 , -0.190473 , 1.33213 , -0.188229
0.552985 , -0.184952 , 1.33395 , -0.174899
0.554807 , -0.179413 , 1.33563 , -0.161551
0.556573 , -0.173856 , 1.33718 , -0.148187
0.558284 , -0.168282 , 1.33859 , -0.134808
0.559939 , -0.162691 , 1.33987 , -0.121415
0.561538 , -0.157084 , 1.34102 , -0.108011
0.563081 , -0.15146 , 1.34203 , -0.0945953
0.564567 , -0.145822 , 1.34291 , -0.0811705
0.565997 , -0.140169 , 1.34366 , -0.0677375
0.56737 , -0.134502 , 1.34427 , -0.0542978
0.568687 , -0.128822 , 1.34474 , -0.0408527
0.569947 , -0.123129 , 1.34508 , -0.0274034
0.57115 , -0.117423 , 1.34529 , -0.0139514
0.572295 , -0.111706 , 1.34536 , -0.00049806
0.573384 , -0.105978 , 1.3453 , 0.0129554
0.574415 , -0.100239 , 1.3451 , 0.0264075
0.575388 , -0.0944895 , 1.34477 , 0.039857
0.576304 , -0.0887309 , 1.34431 , 0.0533025
0.577163 , -0.0829636 , 1.34371 , 0.0667427
0.577964 , -0.0771879 , 1.34297 , 0.0801762
0.578707 , -0.0714045 , 1.3421 , 0.0936016
0.579392 , -0.0656139 , 1.3411 , 0.107018
0.580019 , -0.0598168 , 1.33996 , 0.120423
0.580588 , -0.0540137 , 1.33869 , 0.133817
0.581099 , -0.0482053 , 1.33729 , 0.147197
0.581552 , -0.042392 , 1.33575 , 0.160562
0.581947 , -0.0365744 , 1.33407 , 0.173911
0.582284 , -0.0307532 , 1.33227 , 0.187243
0.582562 , -0.0249289 , 1.33033 , 0.200556
0.582782 , -0.0191022 , 1.32826 , 0.213849
0.582944 , -0.0132735 , 1.32605 , 0.227121
0.583048 , -0.00744348 , 1.32372 , 0.24037
0.583093 , -0.00161273 , 1.32125 , 0.253595
0.58308 , 0.00421819 , 1.31864 , 0.266794
0.583009 , 0.0100487 , 1.31591 , 0.279967
0.582879 , 0.0158782 , 1.31304 , 0.293112
0.582691 , 0.0217061 , 1.31005 , 0.306227
0.582445 , 0.0275318 , 1.30692 , 0.319312
0.58214 , 0.0333548 , 1.30366 , 0.332365
0.581778 , 0.0391744 , 1.30027 , 0.345385
0.581357 , 0.0449901 , 1.29675 , 0.35837
0.580878 , 0.0508013 , 1.29311 , 0.37132
0.580341 , 0.0566075 , 1.28933 , 0.384232
0.579746 , 0.062408 , 1.28542 , 0.397106
0.579093 , 0.0682022 , 1.28139 , 0.40994
0.578382 , 0.0739896 , 1.27722 , 0.422733
0.577613 , 0.0797697 , 1.27293 , 0.435484
0.576786 , 0.0855417 , 1.26851 , 0.448191
0.575902 , 0.0913052 , 1.26397 , 0.460854
0.57496 , 0.0970596 , 1.2593 , 0.47347
0.573961 , 0.102804 , 1.2545 , 0.486039
0.572904 , 0.108539 , 1.24958 , 0.49856
0.57179 , 0.114262 , 1.24453 , 0.511031
0.570619 , 0.119974 , 1.23935 , 0.52345
0.569391 , 0.125674 , 1.23406 , 0.535817
0.568106 , 0.131362 , 1.22864 , 0.548131
0.566764 , 0.137036 , 1.2231 , 0.56039
0.565365 , 0.142697 , 1.21743 , 0.572592
0.56391 , 0.148343 , 1.21164 , 0.584738
0.562398 , 0.153975 , 1.20574 , 0.596825
0.56083 , 0.159591 , 1.19971 , 0.608852
0.559206 , 0.165191 , 1.19356 , 0.620819
0.557527 , 0.170775 , 1.18729 , 0.632723
0.555791 , 0.176342 , 1.18091 , 0.644564
0.554 , 0.181891 , 1.1744 , 0.656341
0.552153 , 0.187422 , 1.16778 , 0.668052
0.550251 , 0.192934 , 1.16104 , 0.679696
0.548295 , 0.198426 , 1.15419 , 0.691272
0.546283 , 0.203899 , 1.14721 , 0.702779
0.544217 , 0.209352 , 1.14013 , 0.714216
0.542096 , 0.214783 , 1.13293 , 0.725581
0.539921 , 0.220194 , 1.12562 , 0.736874
0.537692 , 0.225582 , 1.11819 , 0.748093
0.53541 , 0.230947 , 1.11066 , 0.759238
0.533073 , 0.23629 , 1.10301 , 0.770306
0.530684 , 0.241609 , 1.09525 , 0.781297
0.528241 , 0.246903 , 1.08738 , 0.792211
0.525746 , 0.252173 , 1.07941 , 0.803045
0.523198 , 0.257418 , 1.07132 , 0.813798
0.520598 , 0.262637 , 1.06313 , 0.824471
0.517945 , 0.26783 , 1.05483 , 0.835061
0.515241 , 0.272996 , 1.04643 , 0.845567
0.512485 , 0.278134 , 1.03792 , 0.855989
0.509678 , 0.283245 , 1.02931 , 0.866325
0.506821 , 0.288328 , 1.0206 , 0.876575
0.503912 , 0.293381 , 1.01178 , 0.886737
0.500953 , 0.298406 , 1.00286 , 0.89681
0.497944 , 0.3034 , 0.993844 , 0.906794
0.494885 , 0.308365 , 0.984726 , 0.916687
0.491777 , 0.313298 , 0.97551 , 0.926488
0.488619 , 0.3182 , 0.966197 , 0.936197
0.485413 , 0.32307 , 0.956787 , 0.945812
0.482158 , 0.327908 , 0.947281 , 0.955332
0.478855 , 0.332713 , 0.93768 , 0.964757
0.475504 , 0.337485 , 0.927986 , 0.974085
0.472105 , 0.342223 , 0.918199 , 0.983316
0.46866 , 0.346927 , 0.90832 , 0.992449
0.465167 , 0.351596 , 0.89835 , 1.00148
0.461628 , 0.35623 , 0.888291 , 1.01042
0.458042 , 0.360828 , 0.878142 , 1.01925
0.454411 , 0.365391 , 0.867906 , 1.02798
0.450735 , 0.369917 , 0.857583 , 1.03661
0.447013 , 0.374405 , 0.847174 , 1.04513
0.443247 , 0.378857 , 0.836681 , 1.05355
0.439436 , 0.38327 , 0.826104 , 1.06186
0.435581 , 0.387645 , 0.815444 , 1.07007
0.431683 , 0.391982 , 0.804703 , 1.07817
0.427742 , 0.396279 , 0.793881 , 1.08616
0.423758 , 0.400536 , 0.78298 , 1.09405
0.419731 , 0.404754 , 0.772 , 1.10182
0.415663 , 0.408931 , 0.760944 , 1.10949
0.411553 , 0.413067 , 0.749811 , 1.11704
0.407402 , 0.417162 , 0.738603 , 1.12448
0.40321 , 0.421215 , 0.727321 , 1.13181
0.398978 , 0.425226 , 0.715967 , 1.13903
0.394705 , 0.429194 , 0.704541 , 1.14613
0.390394 , 0.43312 , 0.693045 , 1.15312
0.386043 , 0.437002 , 0.681479 , 1.15999
0.381654 , 0.44084 , 0.669845 , 1.16675
0.377226 , 0.444635 , 0.658145 , 1.17339
0.372761 , 0.448385 , 0.646378 , 1.17991
0.368259 , 0.45209 , 0.634547 , 1.18632
0.36372 , 0.45575 , 0.622652 , 1.1926
0.359144 , 0.459364 , 0.610695 , 1.19877
0.354533 , 0.462933 , 0.598677 , 1.20482
0.349886 , 0.466455 , 0.586599 , 1.21074
0.345204 , 0.46993 , 0.574462 , 1.21655
0.340487 , 0.473359 , 0.562268 , 1.22223
0.335737 , 0.47674 , 0.550018 , 1.22779
0.330952 , 0.480073 , 0.537713 , 1.23323
0.326135 , 0.483359 , 0.525354 , 1.23855
0.321285 , 0.486596 , 0.512942 , 1.24374
0.316404 , 0.489784 , 0.50048 , 1.24881
0.31149 , 0.492924 , 0.487967 , 1.25375
0.306545 , 0.496014 , 0.475405 , 1.25857
0.30157 , 0.499055 , 0.462796 , 1.26326
0.296564 , 0.502045 , 0.45014 , 1.26782
0.291529 , 0.504986 , 0.43744 , 1.27226
0.286465 , 0.507876 , 0.424695 , 1.27657
0.281372 , 0.510715 , 0.411909 , 1.28075
0.276251 , 0.513503 , 0.399081 , 1.28481
0.271102 , 0.51624 , 0.386213 , 1.28874
0.265926 , 0.518925 , 0.373307 , 1.29253
0.260724 , 0.521558 , 0.360363 , 1.2962
0.255495 , 0.52414 , 0.347383 , 1.29974
0.250241 , 0.526668 , 0.334368 , 1.30315
0.244962 , 0.529144 , 0.32132 , 1.30643
0.239658 , 0.531567 , 0.30824 , 1.30958
0.234331 , 0.533937 , 0.295129 , 1.31259
0.22898 , 0.536254 , 0.281989 , 1.31548
0.223606 , 0.538517 , 0.26882 , 1.31823
0.218209 , 0.540726 , 0.255625 , 1.32085
0.212791 , 0.542881 , 0.242404 , 1.32334
0.207352 , 0.544982 , 0.229158 , 1.3257
0.201892 , 0.547028 , 0.21589 , 1.32793
0.196412 , 0.54902 , 0.2026 , 1.33002
0.190912 , 0.550956 , 0.18929 , 1.33198
0.185393 , 0.552838 , 0.175961 , 1.33381
0.179855 , 0.554664 , 0.162614 , 1.3355
0.1743 , 0.556435 , 0.149251 , 1.33706
0.168727 , 0.55815 , 0.135874 , 1.33848
0.163137 , 0.559809 , 0.122482 , 1.33978
0.157531 , 0.561413 , 0.109079 , 1.34093
0.151909 , 0.56296 , 0.095664 , 1.34196
0.146272 , 0.564451 , 0.0822398 , 1.34285
0.14062 , 0.565885 , 0.0688075 , 1.3436
0.134954 , 0.567263 , 0.0553683 , 1.34422
0.129275 , 0.568584 , 0.0419235 , 1.34471
0.123583 , 0.569849 , 0.0284745 , 1.34506
0.117878 , 0.571056 , 0.0150227 , 1.34528
0.112162 , 0.572206 , 0.00156941 , 1.34536
0.106434 , 0.573299 , -0.0118841 , 1.34531
0.100696 , 0.574335 , -0.0253363 , 1.34512
0.0949476 , 0.575313 , -0.0387861 , 1.3448
0.0891898 , 0.576234 , -0.052232 , 1.34435
0.0834231 , 0.577097 , -0.0656726 , 1.34376
0.0776481 , 0.577902 , -0.0791067 , 1.34303
0.0718653 , 0.57865 , -0.0925328 , 1.34218
0.0660753 , 0.579339 , -0.10595 , 1.34118
0.0602787 , 0.579971 , -0.119356 , 1.34006
0.0544761 , 0.580545 , -0.13275 , 1.3388
0.048668 , 0.581061 , -0.146132 , 1.3374
0.0428551 , 0.581518 , -0.159498 , 1.33587
0.0370378 , 0.581918 , -0.172849 , 1.33421
0.0312169 , 0.582259 , -0.186182 , 1.33242
0.0253928 , 0.582542 , -0.199497 , 1.33049
0.0195662 , 0.582767 , -0.212791 , 1.32843
0.0137377 , 0.582933 , -0.226065 , 1.32623
0.00790777 , 0.583042 , -0.239315 , 1.32391
0.00207706 , 0.583091 , -0.252542 , 1.32145
-0.00375386 , 0.583083 , -0.265744 , 1.31886
-0.00958441 , 0.583016 , -0.278919 , 1.31613
-0.015414 , 0.582891 , -0.292066 , 1.31328
-0.021242 , 0.582708 , -0.305184 , 1.31029
-0.027068 , 0.582467 , -0.318272 , 1.30717
-0.0328912 , 0.582167 , -0.331327 , 1.30393
-0.0387111 , 0.581809 , -0.34435 , 1.30055
-0.0445272 , 0.581393 , -0.357338 , 1.29704
-0.0503388 , 0.580918 , -0.37029 , 1.2934
-0.0561453 , 0.580386 , -0.383205 , 1.28963
-0.0619463 , 0.579795 , -0.396082 , 1.28574
-0.067741 , 0.579147 , -0.40892 , 1.28171
-0.073529 , 0.578441 , -0.421716 , 1.27756
-0.0793097 , 0.577676 , -0.43447 , 1.27328
-0.0850824 , 0.576854 , -0.447181 , 1.26887
-0.0908466 , 0.575975 , -0.459847 , 1.26433
-0.0966017 , 0.575037 , -0.472467 , 1.25967
-0.102347 , 0.574043 , -0.48504 , 1.25488
-0.108082 , 0.572991 , -0.497565 , 1.24997
-0.113807 , 0.571881 , -0.510039 , 1.24493
-0.11952 , 0.570714 , -0.522463 , 1.23977
-0.125221 , 0.569491 , -0.534834 , 1.23448
-0.130909 , 0.56821 , -0.547152 , 1.22907
-0.136585 , 0.566873 , -0.559415 , 1.22354
-0.142247 , 0.565478 , -0.571623 , 1.21789
-0.147894 , 0.564028 , -0.583773 , 1.21211
-0.153527 , 0.562521 , -0.595864 , 1.20621
-0.159144 , 0.560957 , -0.607897 , 1.20019
-0.164746 , 0.559338 , -0.619868 , 1.19405
-0.170331 , 0.557662 , -0.631777 , 1.1878
-0.175899 , 0.555931 , -0.643623 , 1.18142
-0.181449 , 0.554144 , -0.655405 , 1.17492
-0.186982 , 0.552302 , -0.667121 , 1.16831
-0.192495 , 0.550405 , -0.678771 , 1.16158
-0.19799 , 0.548452 , -0.690353 , 1.15474
-0.203464 , 0.546445 , -0.701865 , 1.14777
-0.208918 , 0.544383 , -0.713308 , 1.1407
-0.214352 , 0.542267 , -0.724679 , 1.13351
-0.219764 , 0.540096 , -0.735978 , 1.1262
-0.225153 , 0.537872 , -0.747203 , 1.11879
-0.230521 , 0.535593 , -0.758353 , 1.11126
-0.235865 , 0.533261 , -0.769427 , 1.10362
-0.241186 , 0.530876 , -0.780425 , 1.09587
-0.246482 , 0.528438 , -0.791345 , 1.08801
-0.251754 , 0.525946 , -0.802185 , 1.08005
-0.257001 , 0.523403 , -0.812945 , 1.07197
-0.262222 , 0.520807 , -0.823624 , 1.06379
-0.267417 , 0.518158 , -0.83422 , 1.0555
-0.272585 , 0.515458 , -0.844734 , 1.0471
-0.277726 , 0.512707 , -0.855162 , 1.0386
-0.282839 , 0.509904 , -0.865505 , 1.03
-0.287924 , 0.50705 , -0.875762 , 1.02129
-0.29298 , 0.504145 , -0.885931 , 1.01249
-0.298007 , 0.501191 , -0.896011 , 1.00358
-0.303004 , 0.498185 , -0.906002 , 0.994565
-0.30797 , 0.495131 , -0.915902 , 0.985456
-0.312906 , 0.492026 , -0.925711 , 0.976248
-0.317811 , 0.488873 , -0.935427 , 0.966942
-0.322683 , 0.48567 , -0.945049 , 0.957539
-0.327524 , 0.482419 , -0.954577 , 0.948041
-0.332332 , 0.47912 , -0.96401 , 0.938448
-0.337106 , 0.475772 , -0.973346 , 0.928761
-0.341847 , 0.472378 , -0.982585 , 0.918982
-0.346554 , 0.468936 , -0.991725 , 0.90911
-0.351226 , 0.465447 , -1.00077 , 0.899147
-0.355862 , 0.461911 , -1.00971 , 0.889095
-0.360464 , 0.45833 , -1.01855 , 0.878954
-0.365029 , 0.454702 , -1.02729 , 0.868724
-0.369557 , 0.451029 , -1.03592 , 0.858408
-0.374049 , 0.447311 , -1.04445 , 0.848006
-0.378504 , 0.443548 , -1.05288 , 0.837519
-0.38292 , 0.439741 , -1.0612 , 0.826949
-0.387298 , 0.43589 , -1.06942 , 0.816296
-0.391638 , 0.431995 , -1.07753 , 0.805561
-0.395938 , 0.428057 , -1.08553 , 0.794745
-0.400199 , 0.424077 , -1.09342 , 0.783851
-0.404419 , 0.420054 , -1.10121 , 0.772877
-0.4086 , 0.415988 , -1.10888 , 0.761827
-0.412739 , 0.411882 , -1.11644 , 0.7507
-0.416837 , 0.407734 , -1.1239 , 0.739498
-0.420894 , 0.403545 , -1.13123 , 0.728223
-0.424908 , 0.399316 , -1.13846 , 0.716874
-0.42888 , 0.395047 , -1.14557 , 0.705454
-0.432809 , 0.390739 , -1.15257 , 0.693963
-0.436694 , 0.386391 , -1.15945 , 0.682403
-0.440536 , 0.382005 , -1.16622 , 0.670774
-0.444334 , 0.37758 , -1.17287 , 0.659079
-0.448088 , 0.373118 , -1.1794 , 0.647317
-0.451797 , 0.368619 , -1.18581 , 0.635491
-0.45546 , 0.364082 , -1.19211 , 0.623601
-0.459078 , 0.35951 , -1.19828 , 0.611649
-0.46265 , 0.354901 , -1.20434 , 0.599636
-0.466176 , 0.350257 , -1.21028 , 0.587563
-0.469655 , 0.345578 , -1.21609 , 0.575431
-0.473087 , 0.340864 , -1.22179 , 0.563242
-0.476472 , 0.336116 , -1.22736 , 0.550996
-0.47981 , 0.331335 , -1.2328 , 0.538695
-0.483099 , 0.32652 , -1.23813 , 0.52634
-0.48634 , 0.321673 , -1.24333 , 0.513933
-0.489532 , 0.316793 , -1.24841 , 0.501474
-0.492676 , 0.311882 , -1.25336 , 0.488965
-0.49577 , 0.30694 , -1.25819 , 0.476407
-0.498814 , 0.301967 , -1.26289 , 0.463802
-0.501809 , 0.296964 , -1.26746 , 0.45115
-0.504754 , 0.291931 , -1.27191 , 0.438453
-0.507648 , 0.286869 , -1.27623 , 0.425712
-0.510491 , 0.281778 , -1.28043 , 0.412929
-0.513283 , 0.276659 , -1.28449 , 0.400104
-0.516024 , 0.271513 , -1.28843 , 0.387239
-0.518713 , 0.266339 , -1.29224 , 0.374336
-0.521351 , 0.261139 , -1.29591 , 0.361395
-0.523936 , 0.255912 , -1.29946 , 0.348418
-0.526469 , 0.25066 , -1.30288 , 0.335406
-0.528949 , 0.245383 , -1.30617 , 0.322361
-0.531376 , 0.240081 , -1.30933 , 0.309283
-0.533751 , 0.234756 , -1.31236 , 0.296174
-0.536071 , 0.229407 , -1.31525 , 0.283036
-0.538339 , 0.224034 , -1.31802 , 0.26987
-0.540552 , 0.21864 , -1.32065 , 0.256676
-0.542711 , 0.213224 , -1.32315 , 0.243457
-0.544816 , 0.207786 , -1.32552 , 0.230214
-0.546867 , 0.202327 , -1.32776 , 0.216947
-0.548863 , 0.196849 , -1.32986 , 0.203659
-0.550804 , 0.19135 , -1.33183 , 0.190351
-0.55269 , 0.185833 , -1.33367 , 0.177023
-0.554521 , 0.180297 , -1.33537 , 0.163678
-0.556296 , 0.174743 , -1.33694 , 0.150316
-0.558015 , 0.169171 , -1.33837 , 0.136939
-0.559679 , 0.163583 , -1.33968 , 0.123549
-0.561287 , 0.157978 , -1.34085 , 0.110146
-0.562839 , 0.152357 , -1.34188 , 0.0967326
-0.564334 , 0.146721 , -1.34278 , 0.0833092
-0.565773 , 0.14107 , -1.34355 , 0.0698774
-0.567155 , 0.135406 , -1.34418 , 0.0564387
-0.568481 , 0.129728 , -1.34468 , 0.0429943
-0.56975 , 0.124036 , -1.34504 , 0.0295456
-0.570962 , 0.118333 , -1.34527 , 0.016094
-0.572117 , 0.112617 , -1.34536 , 0.00264075
-0.573214 , 0.106891 , -1.34532 , -0.0108128
-0.574254 , 0.101153 , -1.34514 , -0.0242652
-0.575237 , 0.0954057 , -1.34483 , -0.0377152
-0.576162 , 0.0896487 , -1.34439 , -0.0511614
-0.57703 , 0.0838827 , -1.34381 , -0.0646025
-0.57784 , 0.0781083 , -1.3431 , -0.0780372
-0.578592 , 0.0723261 , -1.34225 , -0.091464
-0.579287 , 0.0665366 , -1.34127 , -0.104882
-0.579923 , 0.0607405 , -1.34015 , -0.118289
-0.580501 , 0.0549384 , -1.3389 , -0.131684
-0.581022 , 0.0491307 , -1.33752 , -0.145067
-0.581484 , 0.0433181 , -1.336 , -0.158434
-0.581888 , 0.0375012 , -1.33435 , -0.171786
-0.582234 , 0.0316805 , -1.33257 , -0.185121
-0.582522 , 0.0258567 , -1.33065 , -0.198437
-0.582751 , 0.0200303 , -1.3286 , -0.211733
-0.582922 , 0.0142019 , -1.32641 , -0.225008
-0.583035 , 0.00837206 , -1.3241 , -0.238261
-0.58309 , 0.00254139 , -1.32165 , -0.25149
-0.583086 , -0.00328954 , -1.31907 , -0.264694
-0.583024 , -0.00912013 , -1.31635 , -0.277871
-0.582904 , -0.0149498 , -1.31351 , -0.29102
-0.582725 , -0.020778 , -1.31053 , -0.304141
-0.582488 , -0.0266041 , -1.30743 , -0.31723
-0.582193 , -0.0324276 , -1.30419 , -0.330289
-0.581839 , -0.0382478 , -1.30082 , -0.343314
-0.581428 , -0.0440642 , -1.29732 , -0.356305
-0.580958 , -0.0498761 , -1.2937 , -0.36926
-0.58043 , -0.0556831 , -1.28994 , -0.382178
-0.579845 , -0.0614846 , -1.28605 , -0.395058
-0.579201 , -0.0672798 , -1.28204 , -0.407899
-0.578499 , -0.0730684 , -1.27789 , -0.420699
-0.577739 , -0.0788496 , -1.27362 , -0.433456
-0.576922 , -0.084623 , -1.26922 , -0.446171
-0.576047 , -0.0903879 , -1.2647 , -0.45884
-0.575114 , -0.0961437 , -1.26005 , -0.471464
-0.574124 , -0.10189 , -1.25527 , -0.484041
-0.573076 , -0.107626 , -1.25037 , -0.496569
-0.571972 , -0.113351 , -1.24534 , -0.509048
-0.570809 , -0.119065 , -1.24019 , -0.521475
-0.56959 , -0.124767 , -1.23491 , -0.533851
-0.568314 , -0.130457 , -1.22951 , -0.546173
-0.566981 , -0.136133 , -1.22399 , -0.558441
-0.565592 , -0.141796 , -1.21834 , -0.570653
-0.564145 , -0.147445 , -1.21257 , -0.582807
-0.562643 , -0.153079 , -1.20669 , -0.594904
-0.561084 , -0.158698 , -1.20068 , -0.606941
-0.559469 , -0.164301 , -1.19455 , -0.618917
-0.557798 , -0.169887 , -1.1883 , -0.630831
-0.556071 , -0.175456 , -1.18193 , -0.642682
-0.554289 , -0.181008 , -1.17544 , -0.654469
-0.552451 , -0.186542 , -1.16884 , -0.666191
-0.550558 , -0.192057 , -1.16212 , -0.677846
-0.54861 , -0.197553 , -1.15528 , -0.689433
-0.546607 , -0.203029 , -1.14833 , -0.700951
-0.544549 , -0.208485 , -1.14127 , -0.712399
-0.542437 , -0.21392 , -1.13408 , -0.723776
-0.540271 , -0.219333 , -1.12679 , -0.73508
-0.538051 , -0.224725 , -1.11938 , -0.746311
-0.535777 , -0.230094 , -1.11186 , -0.757468
-0.533449 , -0.23544 , -1.10423 , -0.768548
-0.531068 , -0.240763 , -1.09649 , -0.779552
-0.528634 , -0.246062 , -1.08864 , -0.790478
-0.526147 , -0.251336 , -1.08068 , -0.801325
-0.523607 , -0.256584 , -1.07262 , -0.812091
-0.521015 , -0.261807 , -1.06444 , -0.822777
-0.518371 , -0.267004 , -1.05616 , -0.83338
-0.515675 , -0.272175 , -1.04778 , -0.843899
-0.512928 , -0.277318 , -1.03928 , -0.854335
-0.510129 , -0.282433 , -1.03069 , -0.864685
-0.507279 , -0.28752 , -1.02199 , -0.874948
-0.504379 , -0.292579 , -1.01319 , -0.885124
-0.501428 , -0.297608 , -1.00429 , -0.895212
-0.498427 , -0.302607 , -0.995287 , -0.90521
-0.495376 , -0.307576 , -0.986185 , -0.915117
-0.492275 , -0.312514 , -0.976985 , -0.924933
-0.489125 , -0.317421 , -0.967686 , -0.934657
-0.485927 , -0.322297 , -0.958292 , -0.944287
-0.48268 , -0.32714 , -0.948801 , -0.953822
-0.479384 , -0.33195 , -0.939216 , -0.963262
-0.476041 , -0.336727 , -0.929536 , -0.972606
-0.47265 , -0.341471 , -0.919764 , -0.981853
-0.469211 , -0.34618 , -0.909899 , -0.991001
-0.465726 , -0.350855 , -0.899944 , -1.00005
-0.462194 , -0.355494 , -0.889899 , -1.009
-0.458616 , -0.360099 , -0.879764 , -1.01785
-0.454993 , -0.364667 , -0.869542 , -1.02659
-0.451323 , -0.369198 , -0.859233 , -1.03524
-0.447609 , -0.373693 , -0.848838 , -1.04378
-0.44385 , -0.37815 , -0.838358 , -1.05222
-0.440046 , -0.38257 , -0.827794 , -1.06055
-0.436198 , -0.386951 , -0.817147 , -1.06877
-0.432307 , -0.391294 , -0.806419 , -1.07689
-0.428373 , -0.395597 , -0.79561 , -1.0849
-0.424395 , -0.399861 , -0.784721 , -1.0928
-0.420375 , -0.404085 , -0.773754 , -1.10059
-0.416314 , -0.408268 , -0.76271 , -1.10828
-0.41221 , -0.412411 , -0.751589 , -1.11585
-0.408066 , -0.416512 , -0.740393 , -1.12331
-0.40388 , -0.420572 , -0.729123 , -1.13065
-0.399654 , -0.42459 , -0.71778 , -1.13789
-0.395388 , -0.428565 , -0.706366 , -1.14501
-0.391083 , -0.432497 , -0.694881 , -1.15202
-0.386739 , -0.436387 , -0.683326 , -1.15891
-0.382356 , -0.440232 , -0.671703 , -1.16568
-0.377934 , -0.444034 , -0.660013 , -1.17234
-0.373475 , -0.447791 , -0.648256 , -1.17888
-0.368978 , -0.451503 , -0.636435 , -1.18531
-0.364445 , -0.45517 , -0.624551 , -1.19161
-0.359875 , -0.458792 , -0.612603 , -1.1978
-0.355269 , -0.462367 , -0.600595 , -1.20386
-0.350628 , -0.465897 , -0.588527 , -1.20981
-0.345952 , -0.46938 , -0.576399 , -1.21563
-0.341241 , -0.472816 , -0.564214 , -1.22134
-0.336495 , -0.476205 , -0.551973 , -1.22692
-0.331717 , -0.479546 , -0.539676 , -1.23238
-0.326905 , -0.482839 , -0.527326 , -1.23771
-0.32206 , -0.486084 , -0.514923 , -1.24292
-0.317183 , -0.48928 , -0.502468 , -1.24801
-0.312275 , -0.492427 , -0.489963 , -1.25297
-0.307335 , -0.495525 , -0.477409 , -1.25781
-0.302364 , -0.498574 , -0.464807 , -1.26252
-0.297363 , -0.501572 , -0.452159 , -1.2671
-0.292333 , -0.504521 , -0.439465 , -1.27156
-0.287273 , -0.507419 , -0.426728 , -1.27589
-0.282185 , -0.510266 , -0.413948 , -1.2801
-0.277068 , -0.513063 , -0.401127 , -1.28417
-0.271924 , -0.515808 , -0.388265 , -1.28812
-0.266752 , -0.518501 , -0.375365 , -1.29194
-0.261554 , -0.521143 , -0.362427 , -1.29563
-0.256329 , -0.523732 , -0.349453 , -1.29919
