0.99995
0.9998
0.99955
0.999201
0.998752
0.998204
0.997557
0.99681
0.995965
0.995021
0.993978
0.992837
0.991598
0.990261
0.988827
0.987295
0.985666
0.98394
0.982118
0.980199
0.978184
0.976073
0.973867
0.971566
0.96917
0.966679
0.964094
0.961416
0.958644
0.955779
0.952822
0.949772
0.94663
0.943397
0.940072
0.936658
0.933152
0.929558
0.925873
0.9221
0.918239
0.914289
0.910253
0.906129
0.901919
0.897623
0.893241
0.888775
0.884224
0.879589
0.874871
0.870071
0.865188
0.860223
0.855178
0.850052
0.844846
0.839561
0.834198
0.828756
0.823237
0.817641
0.81197
0.806222
0.8004
0.794504
0.788534
0.782491
0.776376
0.77019
0.763932
0.757605
0.751209
0.744743
0.73821
0.731609
0.724942
0.718209
0.711411
0.704549
0.697623
0.690634
0.683584
0.676472
0.669299
0.662067
0.654776
0.647426
0.64002
0.632556
0.625037
0.617464
0.609835
0.602154
0.59442
0.586634
0.578798
0.570911
0.562976
0.554992
0.54696
0.538882
0.530758
0.522589
0.514376
0.50612
0.497822
0.489482
0.481101
0.472681
0.464222
0.455725
0.447191
0.438621
0.430015
0.421375
0.412702
0.403996
0.395258
0.38649
0.377692
0.368865
0.360009
0.351127
0.342218
0.333285
0.324326
0.315344
0.30634
0.297314
0.288268
0.279201
0.270116
0.261013
0.251893
0.242757
0.233605
0.22444
0.215261
0.20607
0.196867
0.187654
0.178432
0.169201
0.159962
0.150716
0.141465
0.132208
0.122948
0.113685
0.104419
0.0951527
0.0858859
0.0766197
0.0673551
0.0580931
0.0488345
0.0395803
0.0303313
0.0210886
0.011853
0.00262549
-0.00659309
-0.0158018
-0.0249997
-0.0341859
-0.0433596
-0.0525197
-0.0616654
-0.0707959
-0.0799101
-0.0890072
-0.0980863
-0.107147
-0.116187
-0.125207
-0.134205
-0.143181
-0.152134
-0.161062
-0.169966
-0.178843
-0.187694
-0.196517
-0.205312
-0.214077
-0.222813
-0.231517
-0.240189
-0.248829
-0.257435
-0.266007
-0.274544
-0.283045
-0.291509
-0.299935
-0.308323
-0.316672
-0.324981
-0.333249
-0.341475
-0.34966
-0.357801
-0.365898
-0.37395
-0.381957
-0.389918
-0.397832
-0.405698
-0.413516
-0.421284
-0.429003
-0.436671
-0.444288
-0.451853
-0.459365
-0.466824
-0.474228
-0.481578
-0.488873
-0.496111
-0.503292
-0.510416
-0.517482
-0.524489
-0.531436
-0.538324
-0.54515
-0.551916
-0.558619
-0.56526
-0.571838
-0.578352
-0.584802
-0.591187
-0.597507
-0.60376
-0.609947
-0.616066
-0.622118
-0.628102
-0.634017
-0.639863
-0.645639
-0.651344
-0.656979
-0.662543
-0.668034
-0.673454
-0.678801
-0.684074
-0.689274
-0.6944
-0.699451
-0.704428
-0.709329
-0.714154
-0.718903
-0.723575
-0.72817
-0.732688
-0.737129
-0.741491
-0.745774
-0.749979
-0.754105
-0.758151
-0.762117
-0.766004
-0.769809
-0.773534
-0.777178
-0.780741
-0.784222
-0.787621
-0.790938
-0.794173
-0.797325
-0.800395
-0.803381
-0.806284
-0.809103
-0.811839
-0.814491
-0.817059
-0.819542
-0.821941
-0.824256
-0.826486
-0.828631
-0.830691
-0.832666
-0.834556
-0.836361
-0.83808
-0.839713
-0.841262
-0.842724
-0.844101
-0.845392
-0.846597
-0.847717
-0.84875
-0.849698
-0.85056
-0.851336
-0.852026
-0.85263
-0.853149
-0.853581
-0.853928
-0.854189
-0.854365
-0.854455
-0.854459
-0.854378
-0.854212
-0.853961
-0.853624
-0.853203
-0.852696
-0.852105
-0.85143
-0.85067
-0.849825
-0.848897
-0.847884
-0.846788
-0.845609
-0.844346
-0.843
-0.841571
-0.840059
-0.838465
-0.836788
-0.83503
-0.83319
-0.831269
-0.829266
-0.827182
-0.825018
-0.822774
-0.820449
-0.818045
-0.815562
-0.812999
-0.810358
-0.807639
-0.804841
-0.801966
-0.799014
-0.795984
-0.792878
-0.789696
-0.786439
-0.783105
-0.779697
-0.776215
-0.772658
-0.769028
-0.765324
-0.761548
-0.757699
-0.753778
-0.749786
-0.745723
-0.74159
-0.737386
-0.733113
-0.728771
-0.724361
-0.719882
-0.715337
-0.710724
-0.706044
-0.701299
-0.696489
-0.691613
-0.686674
-0.68167
-0.676604
-0.671475
-0.666284
-0.661032
-0.655718
-0.650345
-0.644912
-0.63942
-0.633869
-0.628261
-0.622595
-0.616873
-0.611095
-0.605262
-0.599374
-0.593432
-0.587437
-0.581388
-0.575288
-0.569137
-0.562934
-0.556682
-0.55038
-0.54403
-0.537631
-0.531185
-0.524693
-0.518155
-0.511571
-0.504943
-0.49827
-0.491555
-0.484798
-0.477998
-0.471158
-0.464277
-0.457357
-0.450398
-0.443401
-0.436367
-0.429296
-0.42219
-0.415048
-0.407872
-0.400662
-0.393419
-0.386145
-0.378839
-0.371502
-0.364136
-0.35674
-0.349317
-0.341865
-0.334388
-0.326884
-0.319355
-0.311801
-0.304224
-0.296625
-0.289003
-0.28136
-0.273696
-0.266013
-0.25831
-0.25059
-0.242852
-0.235098
-0.227328
-0.219543
-0.211744
-0.203932
-0.196107
-0.18827
-0.180422
-0.172564
-0.164697
-0.156821
-0.148937
-0.141046
-0.133149
-0.125247
-0.11734
-0.109429
-0.101515
-0.0935989
-0.0856813
-0.0777631
-0.0698451
-0.0619279
-0.0540125
-0.0460996
-0.03819
-0.0302845
-0.0223839
-0.0144889
-0.00660036
0.00128095
0.00915425
0.0170188
0.0248737
0.0327183
0.0405519
0.0483735
0.0561825
0.063978
0.0717594
0.0795258
0.0872765
0.0950107
0.102728
0.110427
0.118107
0.125768
0.133408
0.141028
0.148626
0.156201
0.163754
0.171282
0.178786
0.186264
0.193716
0.201142
0.20854
0.215909
0.22325
0.230561
0.237842
0.245092
0.25231
0.259495
0.266647
0.273766
0.28085
0.287899
0.294912
0.301889
0.308828
0.31573
0.322593
0.329418
0.336202
0.342946
0.349649
0.35631
0.362929
0.369506
0.376038
0.382527
0.388971
0.395369
0.401722
0.408028
0.414287
0.420498
0.426661
0.432776
0.438841
0.444856
0.45082
0.456734
0.462596
0.468406
0.474163
0.479867
0.485518
0.491114
0.496656
0.502142
0.507573
0.512947
0.518265
0.523526
0.528729
0.533874
0.538961
0.543989
0.548957
0.553866
0.558714
0.563502
0.568228
0.572893
0.577496
0.582037
0.586515
0.59093
0.595281
0.599569
0.603792
0.607951
0.612045
0.616073
0.620036
0.623933
0.627764
0.631528
0.635226
0.638856
0.642418
0.645913
0.64934
0.652699
0.655989
0.65921
0.662362
0.665444
0.668457
0.671401
0.674274
0.677077
0.679809
0.682471
0.685062
0.687581
0.69003
0.692407
0.694713
0.696947
0.699108
0.701198
0.703216
0.705162
0.707035
0.708835
0.710563
0.712218
0.7138
0.715309
0.716746
0.718109
0.719399
0.720616
0.72176
0.72283
0.723827
0.724751
0.725601
0.726378
0.727082
0.727712
0.728269
0.728752
0.729162
0.729499
0.729763
0.729953
0.730071
0.730115
0.730086
0.729984
0.72981
0.729562
0.729242
0.72885
0.728385
0.727847
0.727238
0.726556
0.725802
0.724977
0.72408
0.723111
0.722072
0.720961
0.719779
0.718526
0.717203
0.715809
0.714345
0.712812
0.711208
0.709535
0.707793
0.705982
0.704102
0.702154
0.700137
0.698053
0.6959
0.693681
0.691394
0.68904
0.68662
0.684134
0.681582
0.678964
0.676281
0.673533
0.67072
0.667844
0.664903
0.661899
0.658832
0.655702
0.652509
0.649255
0.645938
0.642561
0.639123
0.635624
0.632065
0.628447
0.62477
0.621033
0.617239
0.613386
0.609476
0.605509
0.601486
0.597406
0.593271
0.58908
0.584835
0.580536
0.576183
0.571776
0.567317
0.562806
0.558243
0.553629
0.548964
0.544248
0.539483
0.534669
0.529807
0.524896
0.519938
0.514932
0.50988
0.504783
0.49964
0.494452
0.48922
0.483944
0.478625
0.473264
0.46786
0.462416
0.45693
0.451404
0.445839
0.440235
0.434592
0.428912
0.423194
0.41744
0.41165
0.405824
0.399964
0.394069
0.388141
0.382181
0.376188
0.370163
0.364107
0.358021
0.351906
0.345761
0.339588
0.333387
0.327159
0.320905
0.314624
0.308319
0.301989
0.295635
0.289258
0.282858
0.276437
0.269994
0.263531
0.257048
0.250545
0.244025
0.237486
0.23093
0.224357
0.217769
0.211166
0.204548
0.197916
0.191271
0.184613
0.177944
0.171264
0.164573
0.157872
0.151163
0.144445
0.137719
0.130986
0.124247
0.117502
0.110752
0.103998
0.0972399
0.0904791
0.083716
0.0769513
0.0701856
0.0634197
0.0566543
0.0498899
0.0431273
0.0363672
0.0296102
0.0228569
0.0161082
0.00936456
0.00262674
-0.0041046
-0.0108288
-0.0175452
-0.0242532
-0.030952
-0.037641
-0.0443196
-0.050987
-0.0576427
-0.064286
-0.0709163
-0.0775328
-0.0841349
-0.0907221
-0.0972936
-0.103849
-0.110387
-0.116908
-0.12341
-0.129894
-0.136358
-0.142802
-0.149226
-0.155628
-0.162008
-0.168365
-0.1747
-0.18101
-0.187296
-0.193558
-0.199793
-0.206002
-0.212185
-0.21834
-0.224467
-0.230566
-0.236636
-0.242675
-0.248685
-0.254663
-0.260611
-0.266526
-0.272409
-0.278258
-0.284074
-0.289856
-0.295603
-0.301314
-0.30699
-0.312629
-0.318232
-0.323797
-0.329324
-0.334813
-0.340263
-0.345674
-0.351044
-0.356374
-0.361663
-0.366911
-0.372116
-0.37728
-0.3824
-0.387477
-0.39251
-0.397499
-0.402444
-0.407343
-0.412196
-0.417004
-0.421765
-0.426479
-0.431146
-0.435765
-0.440336
-0.444858
-0.449331
-0.453755
-0.458129
-0.462453
-0.466726
-0.470949
-0.47512
-0.479239
-0.483307
-0.487322
-0.491285
-0.495194
-0.49905
-0.502852
-0.5066
-0.510294
-0.513933
-0.517517
-0.521046
-0.524519
-0.527936
-0.531297
-0.534602
-0.53785
-0.541041
-0.544174
-0.54725
-0.550269
-0.553229
-0.556131
-0.558975
-0.56176
-0.564486
-0.567152
-0.56976
-0.572308
-0.574796
-0.577224
-0.579592
-0.5819
-0.584147
-0.586334
-0.58846
-0.590525
-0.592528
-0.594471
-0.596352
-0.598172
-0.59993
-0.601627
-0.603261
-0.604834
-0.606345
-0.607793
-0.60918
-0.610504
-0.611766
-0.612965
-0.614102
-0.615176
-0.616188
-0.617137
-0.618024
-0.618848
-0.619609
-0.620308
-0.620943
-0.621517
-0.622027
-0.622475
-0.62286
-0.623182
-0.623442
-0.62364
-0.623774
-0.623847
-0.623857
-0.623804
-0.623689
-0.623512
-0.623273
-0.622972
-0.622609
-0.622184
-0.621697
-0.621148
-0.620538
-0.619867
-0.619134
-0.61834
-0.617486
-0.61657
-0.615593
-0.614556
-0.613459
-0.612302
-0.611084
-0.609806
-0.608469
-0.607073
-0.605617
-0.604102
-0.602528
-0.600895
-0.599204
-0.597455
-0.595648
-0.593783
-0.591861
-0.589881
-0.587845
-0.585752
-0.583602
-0.581396
-0.579134
-0.576817
-0.574444
-0.572016
-0.569534
-0.566997
-0.564406
-0.561761
-0.559062
-0.556311
-0.553506
-0.550649
-0.54774
-0.544779
-0.541767
-0.538703
-0.535589
-0.532424
-0.529209
