-0.00999983 , 0.99995
-0.0199987 , 0.9998
-0.0299955 , 0.99955
-0.0399893 , 0.9992
-0.0499792 , 0.99875
-0.059964 , 0.998201
-0.0699428 , 0.997551
-0.0799147 , 0.996802
-0.0898785 , 0.995953
-0.0998334 , 0.995004
-0.109778 , 0.993956
-0.119712 , 0.992809
-0.129634 , 0.991562
-0.139543 , 0.990216
-0.149438 , 0.988771
-0.159318 , 0.987227
-0.169182 , 0.985585
-0.17903 , 0.983844
-0.188859 , 0.982004
-0.198669 , 0.980067
-0.20846 , 0.978031
-0.21823 , 0.975897
-0.227978 , 0.973666
-0.237703 , 0.971338
-0.247404 , 0.968912
-0.257081 , 0.96639
-0.266731 , 0.963771
-0.276356 , 0.961055
-0.285952 , 0.958244
-0.29552 , 0.955336
-0.305059 , 0.952334
-0.314567 , 0.949235
-0.324043 , 0.946042
-0.333487 , 0.942755
-0.342898 , 0.939373
-0.352274 , 0.935897
-0.361615 , 0.932327
-0.37092 , 0.928665
-0.380188 , 0.924909
-0.389418 , 0.921061
-0.398609 , 0.917121
-0.40776 , 0.913089
-0.416871 , 0.908966
-0.425939 , 0.904752
-0.434966 , 0.900447
-0.443948 , 0.896052
-0.452886 , 0.891568
-0.461779 , 0.886995
-0.470626 , 0.882333
-0.479426 , 0.877583
-0.488177 , 0.872745
-0.49688 , 0.867819
-0.505533 , 0.862807
-0.514136 , 0.857709
-0.522687 , 0.852525
-0.531186 , 0.847255
-0.539632 , 0.841901
-0.548024 , 0.836463
-0.556361 , 0.830941
-0.564642 , 0.825336
-0.572867 , 0.819648
-0.581035 , 0.813878
-0.589145 , 0.808028
-0.597195 , 0.802096
-0.605186 , 0.796084
-0.613117 , 0.789992
-0.620986 , 0.783822
-0.628793 , 0.777573
-0.636537 , 0.771246
-0.644218 , 0.764842
-0.651834 , 0.758362
-0.659385 , 0.751806
-0.66687 , 0.745174
-0.674288 , 0.738469
-0.681639 , 0.731689
-0.688921 , 0.724836
-0.696135 , 0.717911
-0.703279 , 0.710914
-0.710353 , 0.703845
-0.717356 , 0.696707
-0.724287 , 0.689498
-0.731146 , 0.682221
-0.737931 , 0.674876
-0.744643 , 0.667463
-0.75128 , 0.659983
-0.757843 , 0.652437
-0.764329 , 0.644827
-0.770739 , 0.637151
-0.777072 , 0.629412
-0.783327 , 0.62161
-0.789504 , 0.613746
-0.795602 , 0.60582
-0.80162 , 0.597834
-0.807558 , 0.589788
-0.813416 , 0.581683
-0.819192 , 0.57352
-0.824886 , 0.5653
-0.830497 , 0.557023
-0.836026 , 0.54869
-0.841471 , 0.540302
-0.846832 , 0.531861
-0.852108 , 0.523366
-0.857299 , 0.514819
-0.862404 , 0.50622
-0.867423 , 0.497571
-0.872355 , 0.488872
-0.877201 , 0.480124
-0.881958 , 0.471328
-0.886627 , 0.462485
-0.891207 , 0.453596
-0.895699 , 0.444662
-0.9001 , 0.435682
-0.904412 , 0.42666
-0.908633 , 0.417595
-0.912764 , 0.408487
-0.916803 , 0.39934
-0.920751 , 0.390152
-0.924606 , 0.380925
-0.928369 , 0.37166
-0.932039 , 0.362358
-0.935616 , 0.353019
-0.939099 , 0.343646
-0.942489 , 0.334238
-0.945784 , 0.324796
-0.948985 , 0.315322
-0.95209 , 0.305817
-0.955101 , 0.296281
-0.958016 , 0.286715
-0.960835 , 0.277121
-0.963558 , 0.267499
-0.966185 , 0.25785
-0.968715 , 0.248175
-0.971148 , 0.238476
-0.973485 , 0.228753
-0.975723 , 0.219007
-0.977865 , 0.209239
-0.979908 , 0.19945
-0.981854 , 0.189641
-0.983701 , 0.179813
-0.98545 , 0.169967
-0.9871 , 0.160104
-0.988652 , 0.150225
-0.990105 , 0.140332
-0.991458 , 0.130424
-0.992713 , 0.120503
-0.993868 , 0.11057
-0.994924 , 0.100626
-0.995881 , 0.0906716
-0.996738 , 0.0807084
-0.997495 , 0.0707372
-0.998152 , 0.0607589
-0.99871 , 0.0507745
-0.999168 , 0.040785
-0.999526 , 0.0307915
-0.999784 , 0.0207948
-0.999942 , 0.0107961
-1 , 0.000796327
-0.999958 , -0.00920354
-0.999816 , -0.0192025
-0.999574 , -0.0291995
-0.999232 , -0.0391936
-0.99879 , -0.0491838
-0.998248 , -0.0591691
-0.997606 , -0.0691484
-0.996865 , -0.0791209
-0.996024 , -0.0890854
-0.995083 , -0.099041
-0.994043 , -0.108987
-0.992904 , -0.118922
-0.991665 , -0.128844
-0.990327 , -0.138755
-0.98889 , -0.148651
-0.987354 , -0.158532
-0.985719 , -0.168397
-0.983986 , -0.178246
-0.982154 , -0.188077
-0.980224 , -0.197889
-0.978197 , -0.207681
-0.976071 , -0.217452
-0.973848 , -0.227202
-0.971527 , -0.236929
-0.969109 , -0.246632
-0.966594 , -0.256311
-0.963983 , -0.265964
-0.961275 , -0.27559
-0.958471 , -0.285189
-0.955572 , -0.294759
-0.952576 , -0.3043
-0.949486 , -0.313811
-0.9463 , -0.32329
-0.94302 , -0.332736
-0.939645 , -0.34215
-0.936177 , -0.351529
-0.932615 , -0.360873
-0.92896 , -0.370181
-0.925212 , -0.379452
-0.921371 , -0.388685
-0.917438 , -0.397879
-0.913413 , -0.407033
-0.909297 , -0.416147
-0.905091 , -0.425219
-0.900793 , -0.434248
-0.896406 , -0.443234
-0.891929 , -0.452176
-0.887362 , -0.461073
-0.882707 , -0.469923
-0.877964 , -0.478727
-0.873133 , -0.487482
-0.868215 , -0.496189
-0.863209 , -0.504846
-0.858118 , -0.513453
-0.85294 , -0.522008
-0.847678 , -0.530511
-0.84233 , -0.538961
-0.836899 , -0.547358
-0.831383 , -0.555699
-0.825785 , -0.563985
-0.820104 , -0.572215
-0.814341 , -0.580387
-0.808496 , -0.588501
-0.802571 , -0.596557
-0.796565 , -0.604552
-0.79048 , -0.612488
-0.784316 , -0.620362
-0.778073 , -0.628174
-0.771753 , -0.635923
-0.765355 , -0.643608
-0.758881 , -0.65123
-0.752331 , -0.658786
-0.745705 , -0.666276
-0.739005 , -0.6737
-0.732231 , -0.681056
-0.725384 , -0.688344
-0.718465 , -0.695563
-0.711473 , -0.702713
-0.704411 , -0.709793
-0.697278 , -0.716801
-0.690075 , -0.723738
-0.682803 , -0.730602
-0.675463 , -0.737394
-0.668056 , -0.744111
-0.660581 , -0.750755
-0.653041 , -0.757323
-0.645435 , -0.763815
-0.637765 , -0.770231
-0.630031 , -0.77657
-0.622234 , -0.782832
-0.614374 , -0.789015
-0.606454 , -0.795119
-0.598472 , -0.801144
-0.590431 , -0.807088
-0.582331 , -0.812952
-0.574172 , -0.818735
-0.565956 , -0.824435
-0.557684 , -0.830054
-0.549355 , -0.835589
-0.540972 , -0.84104
-0.532535 , -0.846408
-0.524044 , -0.851691
-0.515501 , -0.856889
-0.506907 , -0.862001
-0.498262 , -0.867027
-0.489567 , -0.871966
-0.480823 , -0.876818
-0.472031 , -0.881582
-0.463191 , -0.886258
-0.454306 , -0.890846
-0.445375 , -0.895344
-0.436399 , -0.899753
-0.42738 , -0.904072
-0.418318 , -0.908301
-0.409214 , -0.912438
-0.400069 , -0.916485
-0.390885 , -0.92044
-0.381661 , -0.924302
-0.372399 , -0.928073
-0.3631 , -0.93175
-0.353764 , -0.935335
-0.344393 , -0.938825
-0.334988 , -0.942222
-0.325549 , -0.945525
-0.316078 , -0.948733
-0.306575 , -0.951847
-0.297041 , -0.954865
-0.287478 , -0.957787
-0.277886 , -0.960614
-0.268266 , -0.963345
-0.258619 , -0.965979
-0.248947 , -0.968517
-0.239249 , -0.970958
-0.229528 , -0.973302
-0.219784 , -0.975549
-0.210017 , -0.977698
-0.20023 , -0.979749
-0.190423 , -0.981702
-0.180596 , -0.983557
-0.170752 , -0.985314
-0.16089 , -0.986972
-0.151013 , -0.988532
-0.14112 , -0.989992
-0.131213 , -0.991354
-0.121293 , -0.992617
-0.111361 , -0.99378
-0.101418 , -0.994844
-0.0914646 , -0.995808
-0.0815022 , -0.996673
-0.0715315 , -0.997438
-0.0615537 , -0.998104
-0.0515698 , -0.998669
-0.0415807 , -0.999135
-0.0315874 , -0.999501
-0.021591 , -0.999767
-0.0115924 , -0.999933
-0.00159265 , -0.999999
0.00840725 , -0.999965
0.0184063 , -0.999831
0.0284035 , -0.999597
0.0383979 , -0.999263
0.0483884 , -0.998829
0.0583741 , -0.998295
0.068354 , -0.997661
0.078327 , -0.996928
0.0882922 , -0.996095
0.0982486 , -0.995162
0.108195 , -0.99413
0.118131 , -0.992998
0.128055 , -0.991767
0.137966 , -0.990437
0.147863 , -0.989008
0.157746 , -0.98748
0.167612 , -0.985853
0.177462 , -0.984128
0.187295 , -0.982304
0.197108 , -0.980382
0.206902 , -0.978362
0.216675 , -0.976244
0.226427 , -0.974028
0.236155 , -0.971715
0.245861 , -0.969305
0.255541 , -0.966798
0.265196 , -0.964194
0.274825 , -0.961494
0.284426 , -0.958698
0.293998 , -0.955806
0.303542 , -0.952818
0.313054 , -0.949735
0.322536 , -0.946557
0.331985 , -0.943285
0.341401 , -0.939918
0.350783 , -0.936457
0.36013 , -0.932902
0.369441 , -0.929254
0.378715 , -0.925513
0.387951 , -0.92168
0.397148 , -0.917755
0.406306 , -0.913737
0.415423 , -0.909629
0.424498 , -0.905429
0.433531 , -0.901139
0.44252 , -0.896758
0.451466 , -0.892288
0.460366 , -0.887729
0.46922 , -0.883081
0.478027 , -0.878345
0.486787 , -0.873521
0.495497 , -0.868609
0.504159 , -0.863611
0.512769 , -0.858526
0.521329 , -0.853356
0.529836 , -0.8481
0.538291 , -0.842759
0.546691 , -0.837334
0.555037 , -0.831826
0.563327 , -0.826234
0.571561 , -0.820559
0.579738 , -0.814803
0.587857 , -0.808965
0.595917 , -0.803046
0.603918 , -0.797047
0.611858 , -0.790968
0.619737 , -0.78481
0.627554 , -0.778573
0.635308 , -0.772259
0.642999 , -0.765867
0.650625 , -0.759399
0.658186 , -0.752855
0.665682 , -0.746236
0.673111 , -0.739542
0.680473 , -0.732774
0.687766 , -0.725932
0.694991 , -0.719018
0.702146 , -0.712033
0.709231 , -0.704976
0.716246 , -0.697848
0.723188 , -0.690651
0.730058 , -0.683385
0.736856 , -0.67605
0.743579 , -0.668648
0.750228 , -0.661179
0.756802 , -0.653644
0.763301 , -0.646043
0.769723 , -0.638378
0.776068 , -0.630649
0.782336 , -0.622857
0.788525 , -0.615002
0.794636 , -0.607087
0.800667 , -0.59911
0.806618 , -0.591073
0.812488 , -0.582978
0.818277 , -0.574824
0.823984 , -0.566613
0.829609 , -0.558345
0.835151 , -0.550021
0.840609 , -0.541642
0.845984 , -0.533209
0.851273 , -0.524722
0.856478 , -0.516184
0.861597 , -0.507593
0.86663 , -0.498952
0.871576 , -0.490261
0.876435 , -0.481521
0.881206 , -0.472732
0.885889 , -0.463897
0.890484 , -0.455015
0.894989 , -0.446087
0.899405 , -0.437115
0.903732 , -0.4281
0.907967 , -0.419041
0.912112 , -0.409941
0.916166 , -0.400799
0.920128 , -0.391618
0.923998 , -0.382397
0.927776 , -0.373138
0.931461 , -0.363842
0.935053 , -0.354509
0.938551 , -0.345141
0.941955 , -0.335738
0.945266 , -0.326302
0.948481 , -0.316833
0.951602 , -0.307333
0.954628 , -0.297802
0.957558 , -0.288241
0.960392 , -0.278651
0.963131 , -0.269033
0.965773 , -0.259389
0.968319 , -0.249718
0.970767 , -0.240022
0.973119 , -0.230303
0.975373 , -0.22056
0.97753 , -0.210796
0.979589 , -0.20101
0.98155 , -0.191204
0.983413 , -0.181379
0.985178 , -0.171536
0.986844 , -0.161676
0.988411 , -0.1518
0.98988 , -0.141908
0.991249 , -0.132003
0.99252 , -0.122084
0.993691 , -0.112153
0.994763 , -0.10221
0.995735 , -0.0922576
0.996608 , -0.0822958
0.997381 , -0.0723258
0.998054 , -0.0623485
0.998628 , -0.052365
0.999102 , -0.0423763
0.999476 , -0.0323833
0.999749 , -0.0223871
0.999923 , -0.0123887
0.999997 , -0.00238898
0.999971 , 0.00761095
0.999845 , 0.0176101
0.999619 , 0.0276075
0.999293 , 0.0376022
0.998867 , 0.047593
0.998341 , 0.0575792
0.997715 , 0.0675595
0.99699 , 0.0775331
0.996165 , 0.087499
0.99524 , 0.0974561
0.994216 , 0.107403
0.993092 , 0.11734
0.991869 , 0.127265
0.990547 , 0.137177
0.989125 , 0.147076
0.987605 , 0.156959
0.985986 , 0.166827
0.984269 , 0.176679
0.982453 , 0.186512
0.980538 , 0.196327
0.978526 , 0.206123
0.976416 , 0.215898
0.974208 , 0.225651
0.971903 , 0.235381
0.969501 , 0.245089
0.967001 , 0.254771
0.964405 , 0.264428
0.961713 , 0.274059
0.958924 , 0.283662
0.95604 , 0.293237
0.95306 , 0.302783
0.949984 , 0.312298
0.946814 , 0.321782
0.943549 , 0.331234
0.940189 , 0.340653
0.936736 , 0.350037
0.933189 , 0.359387
0.929548 , 0.368701
0.925815 , 0.377978
0.921989 , 0.387217
0.91807 , 0.396417
0.91406 , 0.405578
0.909959 , 0.414698
0.905767 , 0.423777
0.901484 , 0.432813
0.897111 , 0.441806
0.892648 , 0.450755
0.888096 , 0.459659
0.883455 , 0.468517
0.878725 , 0.477328
0.873908 , 0.486091
0.869004 , 0.494806
0.864012 , 0.503471
0.858934 , 0.512085
0.853771 , 0.520649
0.848522 , 0.529161
0.843188 , 0.537619
0.837769 , 0.546024
0.832267 , 0.554374
0.826682 , 0.562669
0.821014 , 0.570908
0.815264 , 0.579089
0.809433 , 0.587213
0.80352 , 0.595278
0.797527 , 0.603283
0.791455 , 0.611228
0.785303 , 0.619112
0.779073 , 0.626934
0.772764 , 0.634693
0.766379 , 0.642389
0.759917 , 0.65002
0.753379 , 0.657587
0.746765 , 0.665088
0.740077 , 0.672522
0.733315 , 0.679889
0.72648 , 0.687188
0.719572 , 0.694418
0.712592 , 0.701579
0.70554 , 0.70867
0.698418 , 0.71569
0.691227 , 0.722638
0.683966 , 0.729514
0.676637 , 0.736317
0.66924 , 0.743046
0.661776 , 0.749702
0.654246 , 0.756282
0.646651 , 0.762786
0.638991 , 0.769215
0.631267 , 0.775566
0.62348 , 0.78184
0.61563 , 0.788035
0.607719 , 0.794152
0.599747 , 0.800189
0.591716 , 0.806147
0.583625 , 0.812024
0.575475 , 0.817819
0.567269 , 0.823533
0.559005 , 0.829164
0.550686 , 0.834713
0.542311 , 0.840178
0.533882 , 0.845559
0.5254 , 0.850855
0.516865 , 0.856067
0.508279 , 0.861192
0.499642 , 0.866232
0.490955 , 0.871185
0.482218 , 0.876051
0.473434 , 0.880829
0.464602 , 0.88552
0.455724 , 0.890121
0.4468 , 0.894634
0.437832 , 0.899057
0.428819 , 0.90339
0.419764 , 0.907633
0.410667 , 0.911785
0.401529 , 0.915846
0.39235 , 0.919816
0.383133 , 0.923693
0.373877 , 0.927478
0.364583 , 0.931171
0.355254 , 0.93477
0.345888 , 0.938276
0.336488 , 0.941688
0.327055 , 0.945005
0.317589 , 0.948229
0.308091 , 0.951357
0.298562 , 0.95439
0.289003 , 0.957328
0.279415 , 0.96017
0.2698 , 0.962916
0.260157 , 0.965566
0.250489 , 0.968119
0.240795 , 0.970576
0.231078 , 0.972935
0.221337 , 0.975197
0.211574 , 0.977362
0.20179 , 0.979429
0.191986 , 0.981398
0.182163 , 0.983268
0.172321 , 0.985041
0.162462 , 0.986715
0.152587 , 0.98829
0.142697 , 0.989766
0.132792 , 0.991144
0.122874 , 0.992422
0.112944 , 0.993601
0.103002 , 0.994681
0.0930505 , 0.995661
0.0830894 , 0.996542
0.07312 , 0.997323
0.0631433 , 0.998004
0.0531602 , 0.998586
0.0431719 , 0.999068
0.0331792 , 0.999449
0.0231832 , 0.999731
0.0131849 , 0.999913
0.0031853 , 0.999995
-0.00681464 , 0.999977
-0.0168139 , 0.999859
-0.0268115 , 0.999641
-0.0368064 , 0.999322
-0.0467976 , 0.998904
-0.0567841 , 0.998386
-0.066765 , 0.997769
-0.0767392 , 0.997051
-0.0867057 , 0.996234
-0.0966635 , 0.995317
-0.106612 , 0.994301
-0.116549 , 0.993185
-0.126475 , 0.99197
-0.136388 , 0.990655
-0.146288 , 0.989242
-0.156173 , 0.98773
-0.166042 , 0.986119
-0.175895 , 0.984409
-0.18573 , 0.982601
-0.195547 , 0.980694
-0.205344 , 0.97869
-0.21512 , 0.976588
-0.224875 , 0.974388
-0.234607 , 0.97209
-0.244316 , 0.969696
-0.254001 , 0.967204
-0.26366 , 0.964616
-0.273293 , 0.961931
-0.282898 , 0.95915
-0.292476 , 0.956273
-0.302024 , 0.9533
-0.311541 , 0.950233
-0.321028 , 0.94707
-0.330482 , 0.943812
-0.339904 , 0.94046
-0.349291 , 0.937014
-0.358644 , 0.933474
-0.367961 , 0.929841
-0.37724 , 0.926115
-0.386483 , 0.922297
-0.395686 , 0.918386
-0.40485 , 0.914383
-0.413973 , 0.910289
-0.423055 , 0.906104
-0.432095 , 0.901828
-0.441092 , 0.897462
-0.450044 , 0.893006
-0.458951 , 0.888461
-0.467813 , 0.883827
-0.476628 , 0.879105
-0.485395 , 0.874295
-0.494113 , 0.869397
-0.502782 , 0.864413
-0.511401 , 0.859342
-0.519969 , 0.854185
-0.528485 , 0.848943
-0.536948 , 0.843616
-0.545357 , 0.838204
-0.553711 , 0.832709
-0.562011 , 0.82713
-0.570254 , 0.821469
-0.57844 , 0.815725
-0.586568 , 0.8099
-0.594637 , 0.803994
-0.602648 , 0.798007
-0.610597 , 0.791941
-0.618486 , 0.785796
-0.626313 , 0.779572
-0.634077 , 0.77327
-0.641778 , 0.76689
-0.649415 , 0.760434
-0.656987 , 0.753902
-0.664493 , 0.747295
-0.671932 , 0.740613
-0.679305 , 0.733856
-0.686609 , 0.727027
-0.693845 , 0.720124
-0.701011 , 0.71315
-0.708108 , 0.706104
-0.715133 , 0.698988
-0.722087 , 0.691802
-0.728969 , 0.684547
-0.735778 , 0.677223
-0.742513 , 0.669831
-0.749174 , 0.662373
-0.755761 , 0.654848
-0.762271 , 0.647258
-0.768705 , 0.639603
-0.775063 , 0.631884
-0.781343 , 0.624102
-0.787545 , 0.616257
-0.793668 , 0.608351
-0.799712 , 0.600384
-0.805675 , 0.592357
-0.811559 , 0.584271
-0.817361 , 0.576126
-0.823081 , 0.567924
-0.828719 , 0.559665
-0.834274 , 0.55135
-0.839746 , 0.54298
-0.845133 , 0.534555
-0.850437 , 0.526078
-0.855655 , 0.517547
-0.860787 , 0.508965
-0.865834 , 0.500332
-0.870794 , 0.491648
-0.875667 , 0.482916
-0.880452 , 0.474135
-0.885149 , 0.465307
-0.889758 , 0.456433
-0.894278 , 0.447512
-0.898708 , 0.438547
-0.903049 , 0.429538
-0.907299 , 0.420487
-0.911458 , 0.411393
-0.915526 , 0.402258
-0.919503 , 0.393083
-0.923388 , 0.383868
-0.92718 , 0.374615
-0.93088 , 0.365325
-0.934487 , 0.355998
-0.938 , 0.346635
-0.941419 , 0.337238
-0.944745 , 0.327807
-0.947975 , 0.318344
-0.951111 , 0.308848
-0.954152 , 0.299322
-0.957098 , 0.289765
-0.959947 , 0.28018
-0.962701 , 0.270567
-0.965359 , 0.260926
-0.96792 , 0.25126
-0.970384 , 0.241568
-0.972751 , 0.231852
-0.975021 , 0.222114
-0.977193 , 0.212352
-0.979268 , 0.20257
-0.981244 , 0.192767
-0.983123 , 0.182945
-0.984903 , 0.173105
-0.986585 , 0.163248
-0.988168 , 0.153374
-0.989653 , 0.143485
-0.991038 , 0.133581
-0.992324 , 0.123664
-0.993511 , 0.113735
-0.994599 , 0.103794
-0.995587 , 0.0938433
-0.996476 , 0.0838829
-0.997265 , 0.0739142
-0.997954 , 0.063938
-0.998543 , 0.0539554
-0.999033 , 0.0439675
-0.999423 , 0.0339751
-0.999712 , 0.0239793
-0.999902 , 0.0139812
-0.999992 , 0.00398162
-0.999982 , -0.00601833
-0.999872 , -0.0160177
-0.999662 , -0.0260154
-0.999351 , -0.0360106
-0.998941 , -0.0460021
-0.998431 , -0.0559891
-0.997822 , -0.0659704
-0.997112 , -0.0759452
-0.996303 , -0.0859123
-0.995394 , -0.0958709
-0.994385 , -0.10582
-0.993277 , -0.115758
-0.99207 , -0.125685
-0.990764 , -0.135599
-0.989358 , -0.1455
-0.987854 , -0.155386
-0.986251 , -0.165257
-0.984549 , -0.175111
-0.982748 , -0.184947
-0.98085 , -0.194765
-0.978853 , -0.204564
-0.976759 , -0.214342
-0.974566 , -0.224099
-0.972277 , -0.233833
-0.96989 , -0.243544
-0.967406 , -0.253231
-0.964825 , -0.262892
-0.962148 , -0.272527
-0.959375 , -0.282135
-0.956506 , -0.291714
-0.953541 , -0.301264
-0.95048 , -0.310785
-0.947325 , -0.320274
-0.944075 , -0.329731
-0.940731 , -0.339155
-0.937292 , -0.348545
-0.93376 , -0.3579
-0.930134 , -0.36722
-0.926415 , -0.376503
-0.922604 , -0.385748
-0.918701 , -0.394955
-0.914705 , -0.404122
-0.910618 , -0.413248
-0.90644 , -0.422334
-0.902172 , -0.431377
-0.897813 , -0.440377
-0.893364 , -0.449333
-0.888827 , -0.458244
-0.8842 , -0.467109
-0.879484 , -0.475928
-0.874681 , -0.484698
-0.869791 , -0.493421
-0.864813 , -0.502094
-0.859749 , -0.510717
-0.854599 , -0.519289
-0.849363 , -0.527809
-0.844043 , -0.536276
-0.838638 , -0.544689
-0.833149 , -0.553048
-0.827577 , -0.561352
-0.821922 , -0.569599
-0.816185 , -0.57779
-0.810367 , -0.585923
-0.804467 , -0.593997
-0.798487 , -0.602012
-0.792427 , -0.609967
-0.786288 , -0.61786
-0.78007 , -0.625692
-0.773774 , -0.633461
-0.767401 , -0.641167
-0.760951 , -0.648809
-0.754425 , -0.656386
-0.747824 , -0.663897
-0.741147 , -0.671342
-0.734397 , -0.67872
-0.727573 , -0.68603
-0.720677 , -0.693271
-0.713708 , -0.700443
-0.706668 , -0.707545
-0.699557 , -0.714576
-0.692377 , -0.721536
-0.685127 , -0.728424
-0.677809 , -0.735238
-0.670422 , -0.74198
-0.662969 , -0.748647
-0.65545 , -0.755239
-0.647865 , -0.761755
-0.640215 , -0.768196
-0.632501 , -0.77456
-0.624724 , -0.780846
-0.616884 , -0.787054
-0.608983 , -0.793183
-0.601021 , -0.799233
-0.592999 , -0.805203
-0.584917 , -0.811093
-0.576777 , -0.816902
-0.568579 , -0.822628
-0.560325 , -0.828273
-0.552014 , -0.833835
-0.543648 , -0.839313
-0.535228 , -0.844707
-0.526755 , -0.850017
-0.518228 , -0.855242
-0.50965 , -0.860382
-0.501021 , -0.865435
-0.492342 , -0.870402
-0.483613 , -0.875282
-0.474836 , -0.880074
-0.466012 , -0.884778
-0.457141 , -0.889394
-0.448224 , -0.893921
-0.439263 , -0.898359
-0.430257 , -0.902706
-0.421209 , -0.906964
-0.412118 , -0.91113
-0.402987 , -0.915206
-0.393815 , -0.91919
-0.384603 , -0.923082
-0.375353 , -0.926882
-0.366066 , -0.930589
-0.356742 , -0.934203
-0.347382 , -0.937724
-0.337988 , -0.941151
-0.328559 , -0.944483
-0.319098 , -0.947722
-0.309605 , -0.950865
-0.300081 , -0.953914
-0.290527 , -0.956867
-0.280944 , -0.959724
-0.271333 , -0.962485
-0.261695 , -0.965151
-0.252031 , -0.967719
-0.242341 , -0.970191
-0.232627 , -0.972566
-0.22289 , -0.974844
-0.21313 , -0.977024
-0.20335 , -0.979106
-0.193549 , -0.981091
-0.183728 , -0.982977
-0.173889 , -0.984765
-0.164033 , -0.986455
-0.154161 , -0.988046
-0.144273 , -0.989538
-0.13437 , -0.990931
-0.124454 , -0.992225
-0.114526 , -0.99342
-0.104586 , -0.994516
-0.0946361 , -0.995512
-0.0846764 , -0.996409
-0.0747083 , -0.997205
-0.0647327 , -0.997903
-0.0547506 , -0.9985
-0.044763 , -0.998998
-0.034771 , -0.999395
-0.0247754 , -0.999693
-0.0147774 , -0.999891
-0.00477794 , -0.999989
0.00522202 , -0.999986
0.0152215 , -0.999884
0.0252194 , -0.999682
0.0352148 , -0.99938
0.0452066 , -0.998978
0.055194 , -0.998476
0.0651758 , -0.997874
0.0751511 , -0.997172
0.0851189 , -0.996371
0.0950782 , -0.99547
0.105028 , -0.994469
0.114967 , -0.993369
0.124895 , -0.99217
0.13481 , -0.990871
0.144712 , -0.989474
0.154599 , -0.987977
0.164471 , -0.986382
0.174327 , -0.984688
0.184165 , -0.982895
0.193984 , -0.981005
0.203785 , -0.979016
0.213564 , -0.976929
0.223323 , -0.974745
0.233059 , -0.972463
0.242772 , -0.970083
0.25246 , -0.967607
0.262124 , -0.965034
0.271761 , -0.962365
0.281371 , -0.959599
0.290952 , -0.956738
0.300505 , -0.95378
0.310028 , -0.950728
0.319519 , -0.94758
0.328979 , -0.944337
0.338406 , -0.941
0.347799 , -0.937569
0.357157 , -0.934044
0.366479 , -0.930426
0.375765 , -0.926715
0.385013 , -0.922911
0.394223 , -0.919015
0.403393 , -0.915027
0.412523 , -0.910947
0.421612 , -0.906776
0.430658 , -0.902515
0.439662 , -0.898163
0.448621 , -0.893722
0.457536 , -0.889191
0.466405 , -0.884571
0.475227 , -0.879863
0.484002 , -0.875067
0.492728 , -0.870183
0.501405 , -0.865213
0.510032 , -0.860155
0.518608 , -0.855012
0.527132 , -0.849783
0.535603 , -0.84447
0.544021 , -0.839072
